-1.03034E+02	 2.82788E+03
-9.77694E+01	 2.85438E+03
-9.25079E+01	 2.90588E+03
-8.72494E+01	 2.94025E+03
-8.19938E+01	 2.97663E+03
-7.67412E+01	 3.01825E+03
-7.14916E+01	 3.05663E+03
-6.62450E+01	 3.10813E+03
-6.10013E+01	 3.13363E+03
-5.57605E+01	 3.17813E+03
-5.05228E+01	 3.21575E+03
-4.52879E+01	 3.26763E+03
-4.00561E+01	 3.29813E+03
-3.48271E+01	 3.34488E+03
-2.96012E+01	 3.38675E+03
-2.43781E+01	 3.42288E+03
-1.91580E+01	 3.46313E+03
-1.39409E+01	 3.51000E+03
-8.72666E+00	 3.55063E+03
-3.51538E+00	 3.59113E+03
 1.69298E+00	 3.63525E+03
 6.89840E+00	 3.67688E+03
 1.21009E+01	 3.73463E+03
 1.73005E+01	 3.77750E+03
 2.24971E+01	 3.81250E+03
 2.76908E+01	 3.87100E+03
 3.28816E+01	 3.92250E+03
 3.80695E+01	 3.95788E+03
 4.32545E+01	 4.01450E+03
 4.84366E+01	 4.06450E+03
 5.36157E+01	 4.11325E+03
 5.87920E+01	 4.15375E+03
 6.39653E+01	 4.19988E+03
 6.91358E+01	 4.25300E+03
 7.43033E+01	 4.30500E+03
 7.94680E+01	 4.35575E+03
 8.46297E+01	 4.39888E+03
 8.97886E+01	 4.43750E+03
 9.49446E+01	 4.49375E+03
 1.00098E+02	 4.54863E+03
 1.05248E+02	 4.60625E+03
 1.10395E+02	 4.64763E+03
 1.15540E+02	 4.68738E+03
 1.20681E+02	 4.73475E+03
 1.25820E+02	 4.79650E+03
 1.30956E+02	 4.84563E+03
 1.36089E+02	 4.90588E+03
 1.41219E+02	 4.95625E+03
 1.46346E+02	 5.01263E+03
 1.51470E+02	 5.05838E+03
 1.56592E+02	 5.11688E+03
 1.61710E+02	 5.18225E+03
 1.66826E+02	 5.23875E+03
 1.71939E+02	 5.29300E+03
 1.77049E+02	 5.34288E+03
 1.82156E+02	 5.40888E+03
 1.87260E+02	 5.44725E+03
 1.92362E+02	 5.52213E+03
 1.97461E+02	 5.56438E+03
 2.02556E+02	 5.63050E+03
 2.07649E+02	 5.68725E+03
 2.12739E+02	 5.76025E+03
 2.17827E+02	 5.81300E+03
 2.22911E+02	 5.87350E+03
 2.27993E+02	 5.95013E+03
 2.33072E+02	 5.99025E+03
 2.38148E+02	 6.04888E+03
 2.43221E+02	 6.11850E+03
 2.48291E+02	 6.16513E+03
 2.53359E+02	 6.22225E+03
 2.58423E+02	 6.28163E+03
 2.63485E+02	 6.34775E+03
 2.68544E+02	 6.41150E+03
 2.73600E+02	 6.47838E+03
 2.78654E+02	 6.54575E+03
 2.83704E+02	 6.60513E+03
 2.88752E+02	 6.67363E+03
 2.93797E+02	 6.74038E+03
 2.98840E+02	 6.80250E+03
 3.03879E+02	 6.86675E+03
 3.08916E+02	 6.91938E+03
 3.13949E+02	 6.99713E+03
 3.18980E+02	 7.06913E+03
 3.24009E+02	 7.13775E+03
 3.29034E+02	 7.18813E+03
 3.34057E+02	 7.27250E+03
 3.39077E+02	 7.33900E+03
 3.44094E+02	 7.40363E+03
 3.49108E+02	 7.47538E+03
 3.54120E+02	 7.55238E+03
 3.59129E+02	 7.60838E+03
 3.64135E+02	 7.68338E+03
 3.69138E+02	 7.75863E+03
 3.74138E+02	 7.83250E+03
 3.79136E+02	 7.89263E+03
 3.84131E+02	 7.97713E+03
 3.89123E+02	 8.03363E+03
 3.94113E+02	 8.11788E+03
 3.99099E+02	 8.18425E+03
 4.04083E+02	 8.28038E+03
 4.09064E+02	 8.33400E+03
 4.14043E+02	 8.40100E+03
 4.19019E+02	 8.50000E+03
 4.23991E+02	 8.56150E+03
 4.28962E+02	 8.62038E+03
 4.33929E+02	 8.71163E+03
 4.38894E+02	 8.78450E+03
 4.43856E+02	 8.88125E+03
 4.48815E+02	 8.95475E+03
 4.53771E+02	 9.02613E+03
 4.58725E+02	 9.08750E+03
 4.63676E+02	 9.19238E+03
 4.68625E+02	 9.26138E+03
 4.73570E+02	 9.33113E+03
 4.78513E+02	 9.40825E+03
 4.83453E+02	 9.49763E+03
 4.88391E+02	 9.56475E+03
 4.93325E+02	 9.66450E+03
 4.98257E+02	 9.73413E+03
 5.03187E+02	 9.81625E+03
 5.08113E+02	 9.91225E+03
 5.13037E+02	 9.97900E+03
 5.17958E+02	 1.00626E+04
 5.22877E+02	 1.01473E+04
 5.27792E+02	 1.02205E+04
 5.32706E+02	 1.03218E+04
 5.37616E+02	 1.03940E+04
 5.42524E+02	 1.04691E+04
 5.47429E+02	 1.05669E+04
 5.52331E+02	 1.06474E+04
 5.57230E+02	 1.07496E+04
 5.62127E+02	 1.08479E+04
 5.67022E+02	 1.09225E+04
 5.71913E+02	 1.10045E+04
 5.76802E+02	 1.10909E+04
 5.81688E+02	 1.11815E+04
 5.86572E+02	 1.12783E+04
 5.91452E+02	 1.13729E+04
 5.96331E+02	 1.14451E+04
 6.01206E+02	 1.15245E+04
 6.06079E+02	 1.16371E+04
 6.10949E+02	 1.17154E+04
 6.15817E+02	 1.17980E+04
 6.20681E+02	 1.18870E+04
 6.25544E+02	 1.19868E+04
 6.30403E+02	 1.20819E+04
 6.35260E+02	 1.21674E+04
 6.40114E+02	 1.22660E+04
 6.44966E+02	 1.23681E+04
 6.49815E+02	 1.24550E+04
 6.54661E+02	 1.25378E+04
 6.59505E+02	 1.26593E+04
 6.64346E+02	 1.27191E+04
 6.69184E+02	 1.28109E+04
 6.74020E+02	 1.29128E+04
 6.78853E+02	 1.30336E+04
 6.83683E+02	 1.31160E+04
 6.88511E+02	 1.31998E+04
 6.93336E+02	 1.32913E+04
 6.98159E+02	 1.33895E+04
 7.02978E+02	 1.34980E+04
 7.07796E+02	 1.35805E+04
 7.12610E+02	 1.36934E+04
 7.17422E+02	 1.37954E+04
 7.22232E+02	 1.38975E+04
 7.27039E+02	 1.39919E+04
 7.31843E+02	 1.40818E+04
 7.36644E+02	 1.41760E+04
 7.41443E+02	 1.42620E+04
 7.46240E+02	 1.43783E+04
 7.51033E+02	 1.45023E+04
 7.55825E+02	 1.45878E+04
 7.60613E+02	 1.46990E+04
 7.65399E+02	 1.47829E+04
 7.70182E+02	 1.48933E+04
 7.74963E+02	 1.50049E+04
 7.79741E+02	 1.50911E+04
 7.84517E+02	 1.52019E+04
 7.89290E+02	 1.53071E+04
 7.94060E+02	 1.54370E+04
 7.98828E+02	 1.55060E+04
 8.03593E+02	 1.55914E+04
 8.08356E+02	 1.57253E+04
 8.13116E+02	 1.57941E+04
 8.17873E+02	 1.59453E+04
 8.22628E+02	 1.60250E+04
 8.27380E+02	 1.61324E+04
 8.32130E+02	 1.62404E+04
 8.36877E+02	 1.63434E+04
 8.41622E+02	 1.64599E+04
 8.46364E+02	 1.65560E+04
 8.51103E+02	 1.66796E+04
 8.55840E+02	 1.67516E+04
 8.60575E+02	 1.68716E+04
 8.65306E+02	 1.69918E+04
 8.70036E+02	 1.70783E+04
 8.74762E+02	 1.71999E+04
 8.79486E+02	 1.72820E+04
 8.84208E+02	 1.73785E+04
 8.88927E+02	 1.75013E+04
 8.93644E+02	 1.76106E+04
 8.98357E+02	 1.77239E+04
 9.03069E+02	 1.78045E+04
 9.07778E+02	 1.79028E+04
 9.12484E+02	 1.80395E+04
 9.17188E+02	 1.81393E+04
 9.21889E+02	 1.82184E+04
 9.26588E+02	 1.83246E+04
 9.31284E+02	 1.84359E+04
 9.35977E+02	 1.85545E+04
 9.40669E+02	 1.86359E+04
 9.45357E+02	 1.87689E+04
 9.50043E+02	 1.88725E+04
 9.54727E+02	 1.89970E+04
 9.59408E+02	 1.90783E+04
 9.64086E+02	 1.91586E+04
 9.68762E+02	 1.92638E+04
 9.73436E+02	 1.93786E+04
 9.78107E+02	 1.94889E+04
 9.82775E+02	 1.95630E+04
 9.87441E+02	 1.96884E+04
 9.92104E+02	 1.97958E+04
 9.96765E+02	 1.99061E+04
 1.00142E+03	 1.99866E+04
 1.00608E+03	 2.00861E+04
 1.01073E+03	 2.01929E+04
 1.01538E+03	 2.02790E+04
 1.02003E+03	 2.03960E+04
 1.02468E+03	 2.04923E+04
 1.02932E+03	 2.05859E+04
 1.03396E+03	 2.06605E+04
 1.03860E+03	 2.08164E+04
 1.04324E+03	 2.08890E+04
 1.04787E+03	 2.09860E+04
 1.05250E+03	 2.10705E+04
 1.05713E+03	 2.11718E+04
 1.06176E+03	 2.12819E+04
 1.06638E+03	 2.13804E+04
 1.07100E+03	 2.14601E+04
 1.07562E+03	 2.15543E+04
 1.08024E+03	 2.16273E+04
 1.08485E+03	 2.17283E+04
 1.08946E+03	 2.18269E+04
 1.09407E+03	 2.19226E+04
 1.09868E+03	 2.20113E+04
 1.10328E+03	 2.21101E+04
 1.10788E+03	 2.21611E+04
 1.11248E+03	 2.22798E+04
 1.11708E+03	 2.23861E+04
 1.12167E+03	 2.24226E+04
 1.12626E+03	 2.25306E+04
 1.13085E+03	 2.25760E+04
 1.13544E+03	 2.26888E+04
 1.14002E+03	 2.27619E+04
 1.14460E+03	 2.28286E+04
 1.14918E+03	 2.29299E+04
 1.15376E+03	 2.29990E+04
 1.15833E+03	 2.30719E+04
 1.16291E+03	 2.31441E+04
 1.16748E+03	 2.32251E+04
 1.17204E+03	 2.32920E+04
 1.17661E+03	 2.33988E+04
 1.18117E+03	 2.34440E+04
 1.18573E+03	 2.35106E+04
 1.19029E+03	 2.36016E+04
 1.19484E+03	 2.36580E+04
 1.19939E+03	 2.37364E+04
 1.20394E+03	 2.38253E+04
 1.20849E+03	 2.39118E+04
 1.21304E+03	 2.39435E+04
 1.21758E+03	 2.40196E+04
 1.22212E+03	 2.40755E+04
 1.22666E+03	 2.41529E+04
 1.23119E+03	 2.42193E+04
 1.23573E+03	 2.43025E+04
 1.24026E+03	 2.43575E+04
 1.24479E+03	 2.44151E+04
 1.24931E+03	 2.44800E+04
 1.25384E+03	 2.45360E+04
 1.25836E+03	 2.46103E+04
 1.26288E+03	 2.46665E+04
 1.26739E+03	 2.47145E+04
 1.27191E+03	 2.47708E+04
 1.27642E+03	 2.48649E+04
 1.28093E+03	 2.48705E+04
 1.28543E+03	 2.49569E+04
 1.28994E+03	 2.50056E+04
 1.29444E+03	 2.50439E+04
 1.29894E+03	 2.50588E+04
 1.30344E+03	 2.51589E+04
 1.30793E+03	 2.51563E+04
 1.31243E+03	 2.52456E+04
 1.31692E+03	 2.53100E+04
 1.32140E+03	 2.53820E+04
 1.32589E+03	 2.54044E+04
 1.33037E+03	 2.54738E+04
 1.33485E+03	 2.54826E+04
 1.33933E+03	 2.55165E+04
 1.34381E+03	 2.55701E+04
 1.34828E+03	 2.56429E+04
 1.35275E+03	 2.56590E+04
 1.35722E+03	 2.57623E+04
 1.36169E+03	 2.57754E+04
 1.36615E+03	 2.58371E+04
 1.37061E+03	 2.59038E+04
 1.37507E+03	 2.59675E+04
 1.37953E+03	 2.59834E+04
 1.38398E+03	 2.60120E+04
 1.38844E+03	 2.60510E+04
 1.39289E+03	 2.61114E+04
 1.39733E+03	 2.61686E+04
 1.40178E+03	 2.62019E+04
 1.40622E+03	 2.62454E+04
 1.41066E+03	 2.62999E+04
 1.41510E+03	 2.63211E+04
 1.41954E+03	 2.64069E+04
 1.42397E+03	 2.64456E+04
 1.42840E+03	 2.64793E+04
 1.43283E+03	 2.65286E+04
 1.43726E+03	 2.65656E+04
 1.44168E+03	 2.66073E+04
 1.44610E+03	 2.66796E+04
 1.45052E+03	 2.67209E+04
 1.45494E+03	 2.67463E+04
 1.45936E+03	 2.68029E+04
 1.46377E+03	 2.68560E+04
 1.46818E+03	 2.69085E+04
 1.47259E+03	 2.69414E+04
 1.47699E+03	 2.70183E+04
 1.48140E+03	 2.70486E+04
 1.48580E+03	 2.71398E+04
 1.49020E+03	 2.71559E+04
 1.49459E+03	 2.72435E+04
 1.49899E+03	 2.72891E+04
 1.50338E+03	 2.73261E+04
 1.50777E+03	 2.73903E+04
 1.51216E+03	 2.74268E+04
 1.51654E+03	 2.74339E+04
 1.52092E+03	 2.74865E+04
 1.52530E+03	 2.75886E+04
 1.52968E+03	 2.76214E+04
 1.53406E+03	 2.76548E+04
 1.53843E+03	 2.77100E+04
 1.54280E+03	 2.77529E+04
 1.54717E+03	 2.77990E+04
 1.55154E+03	 2.78464E+04
 1.55590E+03	 2.78658E+04
 1.56027E+03	 2.79638E+04
 1.56463E+03	 2.80246E+04
 1.56898E+03	 2.80533E+04
 1.57334E+03	 2.81168E+04
 1.57769E+03	 2.81523E+04
 1.58204E+03	 2.81854E+04
 1.58639E+03	 2.82765E+04
 1.59074E+03	 2.83011E+04
 1.59508E+03	 2.83673E+04
 1.59942E+03	 2.83934E+04
 1.60376E+03	 2.84668E+04
 1.60810E+03	 2.84631E+04
 1.61243E+03	 2.85535E+04
 1.61677E+03	 2.85941E+04
 1.62110E+03	 2.86365E+04
 1.62542E+03	 2.86875E+04
 1.62975E+03	 2.87589E+04
 1.63407E+03	 2.87656E+04
 1.63840E+03	 2.88285E+04
 1.64271E+03	 2.88799E+04
 1.64703E+03	 2.89303E+04
 1.65135E+03	 2.89659E+04
 1.65566E+03	 2.90085E+04
 1.65997E+03	 2.90605E+04
 1.66428E+03	 2.91381E+04
 1.66858E+03	 2.92019E+04
 1.67289E+03	 2.92521E+04
 1.67719E+03	 2.93003E+04
 1.68149E+03	 2.93276E+04
 1.68578E+03	 2.93608E+04
 1.69008E+03	 2.94254E+04
 1.69437E+03	 2.94693E+04
 1.69866E+03	 2.95213E+04
 1.70295E+03	 2.95611E+04
 1.70723E+03	 2.96358E+04
 1.71152E+03	 2.96975E+04
 1.71580E+03	 2.97079E+04
 1.72008E+03	 2.97824E+04
 1.72435E+03	 2.98200E+04
 1.72863E+03	 2.98651E+04
 1.73290E+03	 2.99476E+04
 1.73717E+03	 2.99806E+04
 1.74144E+03	 3.00163E+04
 1.74570E+03	 3.00569E+04
 1.74997E+03	 3.01115E+04
 1.75423E+03	 3.01590E+04
 1.75849E+03	 3.02130E+04
 1.76274E+03	 3.02754E+04
 1.76700E+03	 3.03406E+04
 1.77125E+03	 3.04059E+04
 1.77550E+03	 3.03985E+04
 1.77975E+03	 3.04564E+04
 1.78399E+03	 3.05313E+04
 1.78824E+03	 3.05661E+04
 1.79248E+03	 3.05910E+04
 1.79672E+03	 3.06765E+04
 1.80095E+03	 3.07043E+04
 1.80519E+03	 3.07694E+04
 1.80942E+03	 3.07869E+04
 1.81365E+03	 3.08705E+04
 1.81788E+03	 3.09059E+04
 1.82211E+03	 3.09790E+04
 1.82633E+03	 3.10010E+04
 1.83055E+03	 3.10849E+04
 1.83477E+03	 3.10924E+04
 1.83899E+03	 3.11616E+04
 1.84320E+03	 3.12211E+04
 1.84742E+03	 3.12958E+04
 1.85163E+03	 3.13021E+04
 1.85584E+03	 3.13494E+04
 1.86004E+03	 3.14309E+04
 1.86425E+03	 3.14886E+04
 1.86845E+03	 3.15023E+04
 1.87265E+03	 3.15680E+04
 1.87685E+03	 3.15868E+04
 1.88104E+03	 3.16151E+04
 1.88524E+03	 3.16666E+04
 1.88943E+03	 3.17214E+04
 1.89362E+03	 3.17876E+04
 1.89780E+03	 3.18416E+04
 1.90199E+03	 3.18860E+04
 1.90617E+03	 3.19156E+04
 1.91035E+03	 3.19659E+04
 1.91453E+03	 3.20196E+04
 1.91871E+03	 3.20929E+04
 1.92288E+03	 3.21233E+04
 1.92705E+03	 3.22059E+04
 1.93122E+03	 3.22549E+04
 1.93539E+03	 3.22909E+04
 1.93956E+03	 3.23454E+04
 1.94372E+03	 3.23890E+04
 1.94788E+03	 3.24633E+04
 1.95204E+03	 3.24918E+04
 1.95620E+03	 3.25210E+04
 1.96035E+03	 3.25958E+04
 1.96451E+03	 3.26405E+04
 1.96866E+03	 3.26891E+04
 1.97280E+03	 3.27245E+04
 1.97695E+03	 3.27676E+04
 1.98110E+03	 3.28589E+04
 1.98524E+03	 3.29006E+04
 1.98938E+03	 3.29691E+04
 1.99352E+03	 3.29809E+04
 1.99765E+03	 3.30385E+04
 2.00179E+03	 3.30888E+04
 2.00592E+03	 3.31331E+04
 2.01005E+03	 3.31933E+04
 2.01417E+03	 3.32513E+04
 2.01830E+03	 3.32935E+04
 2.02242E+03	 3.33683E+04
 2.02654E+03	 3.34185E+04
 2.03066E+03	 3.34608E+04
 2.03478E+03	 3.35205E+04
 2.03889E+03	 3.36003E+04
 2.04301E+03	 3.36564E+04
 2.04712E+03	 3.36846E+04
 2.05123E+03	 3.37291E+04
 2.05533E+03	 3.37748E+04
 2.05944E+03	 3.38709E+04
 2.06354E+03	 3.39061E+04
 2.06764E+03	 3.39401E+04
 2.07174E+03	 3.39746E+04
 2.07583E+03	 3.40249E+04
 2.07993E+03	 3.40860E+04
 2.08402E+03	 3.41194E+04
 2.08811E+03	 3.41994E+04
 2.09219E+03	 3.41934E+04
 2.09628E+03	 3.42549E+04
 2.10036E+03	 3.42686E+04
 2.10444E+03	 3.43546E+04
 2.10852E+03	 3.43835E+04
 2.11260E+03	 3.44314E+04
 2.11668E+03	 3.45033E+04
 2.12075E+03	 3.45526E+04
 2.12482E+03	 3.45973E+04
 2.12889E+03	 3.46793E+04
 2.13296E+03	 3.46988E+04
 2.13702E+03	 3.47654E+04
 2.14108E+03	 3.48136E+04
 2.14514E+03	 3.48821E+04
 2.14920E+03	 3.49165E+04
 2.15326E+03	 3.49338E+04
 2.15731E+03	 3.50100E+04
 2.16137E+03	 3.50796E+04
 2.16542E+03	 3.51274E+04
 2.16946E+03	 3.51294E+04
 2.17351E+03	 3.51659E+04
 2.17755E+03	 3.52521E+04
 2.18160E+03	 3.52675E+04
 2.18564E+03	 3.53248E+04
 2.18967E+03	 3.53863E+04
 2.19371E+03	 3.54221E+04
 2.19774E+03	 3.54708E+04
 2.20178E+03	 3.54809E+04
 2.20581E+03	 3.55105E+04
 2.20983E+03	 3.55504E+04
 2.21386E+03	 3.56264E+04
 2.21788E+03	 3.56735E+04
 2.22190E+03	 3.57236E+04
 2.22592E+03	 3.57444E+04
 2.22994E+03	 3.58235E+04
 2.23396E+03	 3.58315E+04
 2.23797E+03	 3.59101E+04
 2.24198E+03	 3.59156E+04
 2.24599E+03	 3.59665E+04
 2.25000E+03	 3.60158E+04
 2.25401E+03	 3.60816E+04
 2.25801E+03	 3.61135E+04
 2.26201E+03	 3.61515E+04
 2.26601E+03	 3.62020E+04
 2.27001E+03	 3.62505E+04
 2.27400E+03	 3.63005E+04
 2.27800E+03	 3.63544E+04
 2.28199E+03	 3.63859E+04
 2.28598E+03	 3.64525E+04
 2.28996E+03	 3.64690E+04
 2.29395E+03	 3.65516E+04
 2.29793E+03	 3.65570E+04
 2.30191E+03	 3.65990E+04
 2.30589E+03	 3.66466E+04
 2.30987E+03	 3.67171E+04
 2.31384E+03	 3.67446E+04
 2.31782E+03	 3.68311E+04
 2.32179E+03	 3.68663E+04
 2.32576E+03	 3.68899E+04
 2.32973E+03	 3.69563E+04
 2.33369E+03	 3.69998E+04
 2.33765E+03	 3.70419E+04
 2.34162E+03	 3.70851E+04
 2.34557E+03	 3.71565E+04
 2.34953E+03	 3.71783E+04
 2.35349E+03	 3.72611E+04
 2.35744E+03	 3.73085E+04
 2.36139E+03	 3.73626E+04
 2.36534E+03	 3.73870E+04
 2.36929E+03	 3.74363E+04
 2.37323E+03	 3.74678E+04
 2.37718E+03	 3.75376E+04
 2.38112E+03	 3.76044E+04
 2.38506E+03	 3.76383E+04
 2.38900E+03	 3.76975E+04
 2.39293E+03	 3.77254E+04
 2.39686E+03	 3.77734E+04
 2.40080E+03	 3.77963E+04
 2.40473E+03	 3.78208E+04
 2.40865E+03	 3.79059E+04
 2.41258E+03	 3.79498E+04
 2.41650E+03	 3.79956E+04
 2.42042E+03	 3.80183E+04
 2.42434E+03	 3.80909E+04
 2.42826E+03	 3.81420E+04
 2.43218E+03	 3.82163E+04
 2.43609E+03	 3.82244E+04
 2.44000E+03	 3.83138E+04
 2.44391E+03	 3.83338E+04
 2.44782E+03	 3.84018E+04
 2.45173E+03	 3.84556E+04
 2.45563E+03	 3.85081E+04
 2.45953E+03	 3.85601E+04
 2.46343E+03	 3.86004E+04
 2.46733E+03	 3.87044E+04
 2.47123E+03	 3.87425E+04
 2.47512E+03	 3.87274E+04
 2.47902E+03	 3.88070E+04
 2.48291E+03	 3.88455E+04
 2.48679E+03	 3.89241E+04
 2.49068E+03	 3.89774E+04
 2.49457E+03	 3.90221E+04
 2.49845E+03	 3.90270E+04
 2.50233E+03	 3.91084E+04
 2.50621E+03	 3.91639E+04
 2.51008E+03	 3.92606E+04
 2.51396E+03	 3.92485E+04
 2.51783E+03	 3.93071E+04
 2.52170E+03	 3.94148E+04
 2.52557E+03	 3.94468E+04
 2.52944E+03	 3.94985E+04
 2.53331E+03	 3.95648E+04
 2.53717E+03	 3.95879E+04
 2.54103E+03	 3.96059E+04
 2.54489E+03	 3.97114E+04
 2.54875E+03	 3.97565E+04
 2.55260E+03	 3.98070E+04
 2.55646E+03	 3.98453E+04
 2.56031E+03	 3.99054E+04
 2.56416E+03	 3.99863E+04
 2.56801E+03	 4.00100E+04
 2.57185E+03	 4.00590E+04
 2.57570E+03	 4.01343E+04
 2.57954E+03	 4.01570E+04
 2.58338E+03	 4.02314E+04
 2.58722E+03	 4.02470E+04
 2.59105E+03	 4.02955E+04
 2.59489E+03	 4.03905E+04
 2.59872E+03	 4.04071E+04
 2.60255E+03	 4.04770E+04
 2.60638E+03	 4.05356E+04
 2.61021E+03	 4.05528E+04
 2.61403E+03	 4.06600E+04
 2.61786E+03	 4.06879E+04
 2.62168E+03	 4.07756E+04
 2.62550E+03	 4.07998E+04
 2.62932E+03	 4.08271E+04
 2.63313E+03	 4.08954E+04
 2.63695E+03	 4.09371E+04
 2.64076E+03	 4.10399E+04
 2.64457E+03	 4.10461E+04
 2.64838E+03	 4.10766E+04
 2.65218E+03	 4.11570E+04
 2.65599E+03	 4.12391E+04
 2.65979E+03	 4.12994E+04
 2.66359E+03	 4.12934E+04
 2.66739E+03	 4.13633E+04
 2.67118E+03	 4.14390E+04
 2.67498E+03	 4.15083E+04
 2.67877E+03	 4.16210E+04
 2.68256E+03	 4.16094E+04
 2.68635E+03	 4.16864E+04
 2.69014E+03	 4.16951E+04
 2.69393E+03	 4.17414E+04
 2.69771E+03	 4.17863E+04
 2.70149E+03	 4.18855E+04
 2.70527E+03	 4.18739E+04
 2.70905E+03	 4.19813E+04
 2.71283E+03	 4.20256E+04
 2.71660E+03	 4.20954E+04
 2.72037E+03	 4.21170E+04
 2.72414E+03	 4.21783E+04
 2.72791E+03	 4.22376E+04
 2.73168E+03	 4.23165E+04
 2.73544E+03	 4.23468E+04
 2.73921E+03	 4.24331E+04
 2.74297E+03	 4.24480E+04
 2.74673E+03	 4.25619E+04
 2.75049E+03	 4.26000E+04
 2.75424E+03	 4.26238E+04
 2.75800E+03	 4.27228E+04
 2.76175E+03	 4.27726E+04
 2.76550E+03	 4.28173E+04
 2.76925E+03	 4.29134E+04
 2.77299E+03	 4.29304E+04
 2.77674E+03	 4.29776E+04
 2.78048E+03	 4.30369E+04
 2.78422E+03	 4.30736E+04
 2.78796E+03	 4.31685E+04
 2.79170E+03	 4.32100E+04
 2.79544E+03	 4.32924E+04
 2.79917E+03	 4.33386E+04
 2.80290E+03	 4.33459E+04
 2.80663E+03	 4.34210E+04
 2.81036E+03	 4.34800E+04
 2.81409E+03	 4.35265E+04
 2.81781E+03	 4.36011E+04
 2.82153E+03	 4.36451E+04
 2.82525E+03	 4.37283E+04
 2.82897E+03	 4.37539E+04
 2.83269E+03	 4.38239E+04
 2.83641E+03	 4.38971E+04
 2.84012E+03	 4.39703E+04
 2.84383E+03	 4.40124E+04
 2.84754E+03	 4.40660E+04
 2.85125E+03	 4.41244E+04
 2.85496E+03	 4.41936E+04
 2.85866E+03	 4.42133E+04
 2.86236E+03	 4.42753E+04
 2.86606E+03	 4.43045E+04
 2.86976E+03	 4.44158E+04
 2.87346E+03	 4.44739E+04
 2.87716E+03	 4.44763E+04
 2.88085E+03	 4.45659E+04
 2.88454E+03	 4.46384E+04
 2.88823E+03	 4.46600E+04
 2.89192E+03	 4.47733E+04
 2.89561E+03	 4.48038E+04
 2.89929E+03	 4.48413E+04
 2.90297E+03	 4.49059E+04
 2.90666E+03	 4.49794E+04
 2.91033E+03	 4.50209E+04
 2.91401E+03	 4.51280E+04
 2.91769E+03	 4.51253E+04
 2.92136E+03	 4.52226E+04
 2.92503E+03	 4.52738E+04
 2.92870E+03	 4.53275E+04
 2.93237E+03	 4.53883E+04
 2.93604E+03	 4.53894E+04
 2.93970E+03	 4.54670E+04
 2.94337E+03	 4.55910E+04
 2.94703E+03	 4.55980E+04
 2.95069E+03	 4.56723E+04
 2.95435E+03	 4.57359E+04
 2.95800E+03	 4.58024E+04
 2.96166E+03	 4.58238E+04
 2.96531E+03	 4.59161E+04
 2.96896E+03	 4.59390E+04
 2.97261E+03	 4.60205E+04
 2.97626E+03	 4.61198E+04
 2.97990E+03	 4.61676E+04
 2.98354E+03	 4.62175E+04
 2.98719E+03	 4.62924E+04
 2.99083E+03	 4.63528E+04
 2.99446E+03	 4.64029E+04
 2.99810E+03	 4.64883E+04
 3.00174E+03	 4.64849E+04
 3.00537E+03	 4.65913E+04
 3.00900E+03	 4.66184E+04
 3.01263E+03	 4.66728E+04
 3.01626E+03	 4.67070E+04
 3.01988E+03	 4.67419E+04
 3.02351E+03	 4.68669E+04
 3.02713E+03	 4.69046E+04
 3.03075E+03	 4.69250E+04
 3.03437E+03	 4.69976E+04
 3.03799E+03	 4.70421E+04
 3.04160E+03	 4.70811E+04
 3.04521E+03	 4.71435E+04
 3.04883E+03	 4.71649E+04
 3.05244E+03	 4.72368E+04
 3.05605E+03	 4.72840E+04
 3.05965E+03	 4.73384E+04
 3.06326E+03	 4.74339E+04
 3.06686E+03	 4.74610E+04
 3.07046E+03	 4.74751E+04
 3.07406E+03	 4.75193E+04
 3.07766E+03	 4.75913E+04
 3.08125E+03	 4.76836E+04
 3.08485E+03	 4.76905E+04
 3.08844E+03	 4.77774E+04
 3.09203E+03	 4.77960E+04
 3.09562E+03	 4.78729E+04
 3.09921E+03	 4.79146E+04
 3.10280E+03	 4.79728E+04
 3.10638E+03	 4.80608E+04
 3.10996E+03	 4.81188E+04
 3.11354E+03	 4.81804E+04
 3.11712E+03	 4.82224E+04
 3.12070E+03	 4.83021E+04
 3.12427E+03	 4.83055E+04
 3.12785E+03	 4.83790E+04
 3.13142E+03	 4.84636E+04
 3.13499E+03	 4.85025E+04
 3.13856E+03	 4.85271E+04
 3.14212E+03	 4.86013E+04
 3.14569E+03	 4.86680E+04
 3.14925E+03	 4.86938E+04
 3.15281E+03	 4.87455E+04
 3.15637E+03	 4.88510E+04
 3.15993E+03	 4.89221E+04
 3.16349E+03	 4.89639E+04
 3.16704E+03	 4.90355E+04
 3.17060E+03	 4.90739E+04
 3.17415E+03	 4.91520E+04
 3.17770E+03	 4.91578E+04
 3.18124E+03	 4.92703E+04
 3.18479E+03	 4.93366E+04
 3.18834E+03	 4.93476E+04
 3.19188E+03	 4.94545E+04
 3.19542E+03	 4.95013E+04
 3.19896E+03	 4.95709E+04
 3.20250E+03	 4.96249E+04
 3.20603E+03	 4.96570E+04
 3.20957E+03	 4.97161E+04
 3.21310E+03	 4.97080E+04
 3.21663E+03	 4.98669E+04
 3.22016E+03	 4.99466E+04
 3.22369E+03	 4.99501E+04
 3.22721E+03	 5.00023E+04
 3.23074E+03	 5.00948E+04
 3.23426E+03	 5.01324E+04
 3.23778E+03	 5.01650E+04
 3.24130E+03	 5.02135E+04
 3.24481E+03	 5.03066E+04
 3.24833E+03	 5.03863E+04
 3.25184E+03	 5.03893E+04
 3.25536E+03	 5.04820E+04
 3.25887E+03	 5.05211E+04
 3.26238E+03	 5.05935E+04
 3.26588E+03	 5.07021E+04
 3.26939E+03	 5.06953E+04
 3.27289E+03	 5.07449E+04
 3.27639E+03	 5.08219E+04
 3.27989E+03	 5.08591E+04
 3.28339E+03	 5.09126E+04
 3.28689E+03	 5.09811E+04
 3.29039E+03	 5.10720E+04
 3.29388E+03	 5.10726E+04
 3.29737E+03	 5.11700E+04
 3.30086E+03	 5.12501E+04
 3.30435E+03	 5.12684E+04
 3.30784E+03	 5.13265E+04
 3.31132E+03	 5.13650E+04
 3.31481E+03	 5.14241E+04
 3.31829E+03	 5.15144E+04
 3.32177E+03	 5.15330E+04
 3.32525E+03	 5.15588E+04
 3.32873E+03	 5.16011E+04
 3.33220E+03	 5.17566E+04
 3.33567E+03	 5.17240E+04
 3.33915E+03	 5.17964E+04
 3.34262E+03	 5.18518E+04
 3.34609E+03	 5.18930E+04
 3.34955E+03	 5.19568E+04
 3.35302E+03	 5.20100E+04
 3.35648E+03	 5.20900E+04
 3.35994E+03	 5.21196E+04
 3.36341E+03	 5.21970E+04
 3.36686E+03	 5.21943E+04
 3.37032E+03	 5.22413E+04
 3.37378E+03	 5.23101E+04
 3.37723E+03	 5.23314E+04
 3.38068E+03	 5.23874E+04
 3.38413E+03	 5.24495E+04
 3.38758E+03	 5.25199E+04
 3.39103E+03	 5.25866E+04
 3.39448E+03	 5.25836E+04
 3.39792E+03	 5.26821E+04
 3.40136E+03	 5.26821E+04
 3.40480E+03	 5.27401E+04
 3.40824E+03	 5.27961E+04
 3.41168E+03	 5.28613E+04
 3.41512E+03	 5.28975E+04
 3.41855E+03	 5.29395E+04
 3.42198E+03	 5.29851E+04
 3.42541E+03	 5.30540E+04
 3.42884E+03	 5.30516E+04
 3.43227E+03	 5.31439E+04
 3.43570E+03	 5.32150E+04
 3.43912E+03	 5.32785E+04
 3.44254E+03	 5.33303E+04
 3.44597E+03	 5.33300E+04
 3.44939E+03	 5.34361E+04
 3.45280E+03	 5.34301E+04
 3.45622E+03	 5.35328E+04
 3.45963E+03	 5.35314E+04
 3.46305E+03	 5.36136E+04
 3.46646E+03	 5.37084E+04
 3.46987E+03	 5.37041E+04
 3.47328E+03	 5.37695E+04
 3.47668E+03	 5.38394E+04
 3.48009E+03	 5.38788E+04
 3.48349E+03	 5.39703E+04
 3.48689E+03	 5.39785E+04
 3.49029E+03	 5.40680E+04
 3.49369E+03	 5.41003E+04
 3.49709E+03	 5.41701E+04
 3.50049E+03	 5.42118E+04
 3.50388E+03	 5.42740E+04
 3.50727E+03	 5.42724E+04
 3.51066E+03	 5.43650E+04
 3.51405E+03	 5.43811E+04
 3.51744E+03	 5.44156E+04
 3.52082E+03	 5.44364E+04
 3.52421E+03	 5.45604E+04
 3.52759E+03	 5.45303E+04
 3.53097E+03	 5.46056E+04
 3.53435E+03	 5.46309E+04
 3.53773E+03	 5.46715E+04
 3.54110E+03	 5.47604E+04
 3.54448E+03	 5.47778E+04
 3.54785E+03	 5.48790E+04
 3.55122E+03	 5.48953E+04
 3.55459E+03	 5.49816E+04
 3.55796E+03	 5.50610E+04
 3.56133E+03	 5.50853E+04
 3.56469E+03	 5.51341E+04
 3.56806E+03	 5.52133E+04
 3.57142E+03	 5.52758E+04
 3.57478E+03	 5.53050E+04
 3.57814E+03	 5.53089E+04
 3.58149E+03	 5.54130E+04
 3.58485E+03	 5.54495E+04
 3.58820E+03	 5.55033E+04
 3.59156E+03	 5.55075E+04
 3.59491E+03	 5.55983E+04
 3.59826E+03	 5.56443E+04
 3.60160E+03	 5.56756E+04
 3.60495E+03	 5.57506E+04
 3.60829E+03	 5.58184E+04
 3.61164E+03	 5.58398E+04
 3.61498E+03	 5.59066E+04
 3.61832E+03	 5.59175E+04
 3.62166E+03	 5.59815E+04
 3.62499E+03	 5.60154E+04
 3.62833E+03	 5.61400E+04
 3.63166E+03	 5.60768E+04
 3.63499E+03	 5.61954E+04
 3.63832E+03	 5.62356E+04
 3.64165E+03	 5.62170E+04
 3.64498E+03	 5.63228E+04
 3.64831E+03	 5.63910E+04
 3.65163E+03	 5.64310E+04
 3.65495E+03	 5.64741E+04
 3.65827E+03	 5.64959E+04
 3.66159E+03	 5.65763E+04
 3.66491E+03	 5.65925E+04
 3.66823E+03	 5.66565E+04
 3.67154E+03	 5.66884E+04
 3.67485E+03	 5.67999E+04
 3.67817E+03	 5.68363E+04
 3.68148E+03	 5.68425E+04
 3.68478E+03	 5.69353E+04
 3.68809E+03	 5.69615E+04
 3.69140E+03	 5.70159E+04
 3.69470E+03	 5.70315E+04
 3.69800E+03	 5.70703E+04
 3.70130E+03	 5.71059E+04
 3.70460E+03	 5.71916E+04
 3.70790E+03	 5.72338E+04
 3.71120E+03	 5.72821E+04
 3.71449E+03	 5.73455E+04
 3.71778E+03	 5.73558E+04
 3.72108E+03	 5.74164E+04
 3.72437E+03	 5.74824E+04
 3.72765E+03	 5.75144E+04
 3.73094E+03	 5.75163E+04
 3.73423E+03	 5.75545E+04
 3.73751E+03	 5.76375E+04
 3.74079E+03	 5.76328E+04
 3.74407E+03	 5.77039E+04
 3.74735E+03	 5.77761E+04
 3.75063E+03	 5.78685E+04
 3.75391E+03	 5.78273E+04
 3.75718E+03	 5.79783E+04
 3.76045E+03	 5.79814E+04
 3.76373E+03	 5.80806E+04
 3.76700E+03	 5.80938E+04
 3.77026E+03	 5.81426E+04
 3.77353E+03	 5.81179E+04
 3.77680E+03	 5.81601E+04
 3.78006E+03	 5.82049E+04
 3.78332E+03	 5.83233E+04
 3.78658E+03	 5.83379E+04
 3.78984E+03	 5.83953E+04
 3.79310E+03	 5.83816E+04
 3.79636E+03	 5.84453E+04
 3.79961E+03	 5.84891E+04
 3.80287E+03	 5.85198E+04
 3.80612E+03	 5.85881E+04
 3.80937E+03	 5.85619E+04
 3.81262E+03	 5.86446E+04
 3.81586E+03	 5.86675E+04
 3.81911E+03	 5.86805E+04
 3.82235E+03	 5.87651E+04
 3.82560E+03	 5.87934E+04
 3.82884E+03	 5.88794E+04
 3.83208E+03	 5.89380E+04
 3.83532E+03	 5.89725E+04
 3.83855E+03	 5.90295E+04
 3.84179E+03	 5.90613E+04
 3.84502E+03	 5.91161E+04
 3.84825E+03	 5.91385E+04
 3.85148E+03	 5.91621E+04
 3.85471E+03	 5.92251E+04
 3.85794E+03	 5.92878E+04
 3.86117E+03	 5.93323E+04
 3.86439E+03	 5.93529E+04
 3.86762E+03	 5.94089E+04
 3.87084E+03	 5.94623E+04
 3.87406E+03	 5.94633E+04
 3.87728E+03	 5.94993E+04
 3.88049E+03	 5.95420E+04
 3.88371E+03	 5.96138E+04
 3.88692E+03	 5.96714E+04
 3.89014E+03	 5.97269E+04
 3.89335E+03	 5.97851E+04
 3.89656E+03	 5.97845E+04
 3.89977E+03	 5.98669E+04
 3.90297E+03	 5.98710E+04
 3.90618E+03	 5.99791E+04
 3.90938E+03	 5.99806E+04
 3.91258E+03	 6.00223E+04
 3.91579E+03	 6.00588E+04
 3.91898E+03	 6.00638E+04
 3.92218E+03	 6.01555E+04
 3.92538E+03	 6.02505E+04
 3.92857E+03	 6.02495E+04
 3.93177E+03	 6.02771E+04
 3.93496E+03	 6.03224E+04
 3.93815E+03	 6.03743E+04
 3.94134E+03	 6.04321E+04
 3.94453E+03	 6.04445E+04
 3.94771E+03	 6.05161E+04
 3.95090E+03	 6.05119E+04
 3.95408E+03	 6.05464E+04
 3.95726E+03	 6.06171E+04
 3.96044E+03	 6.06493E+04
 3.96362E+03	 6.06790E+04
 3.96680E+03	 6.07119E+04
 3.96997E+03	 6.07646E+04
 3.97315E+03	 6.07915E+04
 3.97632E+03	 6.08141E+04
 3.97949E+03	 6.08691E+04
 3.98266E+03	 6.08994E+04
 3.98583E+03	 6.09098E+04
 3.98900E+03	 6.09540E+04
 3.99216E+03	 6.09978E+04
 3.99533E+03	 6.10023E+04
 3.99849E+03	 6.10360E+04
 4.00165E+03	 6.10791E+04
 4.00481E+03	 6.11630E+04
 4.00797E+03	 6.11898E+04
 4.01113E+03	 6.11615E+04
 4.01428E+03	 6.12476E+04
 4.01744E+03	 6.12854E+04
 4.02059E+03	 6.13713E+04
 4.02374E+03	 6.13346E+04
 4.02689E+03	 6.14118E+04
 4.03004E+03	 6.14658E+04
 4.03318E+03	 6.14768E+04
 4.03633E+03	 6.15088E+04
 4.03947E+03	 6.15389E+04
 4.04262E+03	 6.15530E+04
 4.04576E+03	 6.15525E+04
 4.04890E+03	 6.15830E+04
 4.05203E+03	 6.16203E+04
 4.05517E+03	 6.16690E+04
 4.05831E+03	 6.16603E+04
 4.06144E+03	 6.08979E+04
