-1.03034E+02	 2.80075E+03
-9.77694E+01	 2.84238E+03
-9.25079E+01	 2.87675E+03
-8.72494E+01	 2.91563E+03
-8.19938E+01	 2.95788E+03
-7.67412E+01	 2.99725E+03
-7.14916E+01	 3.03788E+03
-6.62450E+01	 3.08550E+03
-6.10013E+01	 3.11975E+03
-5.57605E+01	 3.15263E+03
-5.05228E+01	 3.20475E+03
-4.52879E+01	 3.25263E+03
-4.00561E+01	 3.28313E+03
-3.48271E+01	 3.33175E+03
-2.96012E+01	 3.36463E+03
-2.43781E+01	 3.40238E+03
-1.91580E+01	 3.45100E+03
-1.39409E+01	 3.49950E+03
-8.72666E+00	 3.53838E+03
-3.51538E+00	 3.58163E+03
 1.69298E+00	 3.63200E+03
 6.89840E+00	 3.67500E+03
 1.21009E+01	 3.71513E+03
 1.73005E+01	 3.76550E+03
 2.24971E+01	 3.80950E+03
 2.76908E+01	 3.86650E+03
 3.28816E+01	 3.90900E+03
 3.80695E+01	 3.96038E+03
 4.32545E+01	 4.01163E+03
 4.84366E+01	 4.05213E+03
 5.36157E+01	 4.10863E+03
 5.87920E+01	 4.15725E+03
 6.39653E+01	 4.20238E+03
 6.91358E+01	 4.24800E+03
 7.43033E+01	 4.29300E+03
 7.94680E+01	 4.34850E+03
 8.46297E+01	 4.40188E+03
 8.97886E+01	 4.45213E+03
 9.49446E+01	 4.51013E+03
 1.00098E+02	 4.55100E+03
 1.05248E+02	 4.61525E+03
 1.10395E+02	 4.66225E+03
 1.15540E+02	 4.71000E+03
 1.20681E+02	 4.76363E+03
 1.25820E+02	 4.81388E+03
 1.30956E+02	 4.86338E+03
 1.36089E+02	 4.91538E+03
 1.41219E+02	 4.97625E+03
 1.46346E+02	 5.02638E+03
 1.51470E+02	 5.09938E+03
 1.56592E+02	 5.13888E+03
 1.61710E+02	 5.19625E+03
 1.66826E+02	 5.26250E+03
 1.71939E+02	 5.31213E+03
 1.77049E+02	 5.39075E+03
 1.82156E+02	 5.44038E+03
 1.87260E+02	 5.49138E+03
 1.92362E+02	 5.54863E+03
 1.97461E+02	 5.62113E+03
 2.02556E+02	 5.67625E+03
 2.07649E+02	 5.74388E+03
 2.12739E+02	 5.79138E+03
 2.17827E+02	 5.86725E+03
 2.22911E+02	 5.91113E+03
 2.27993E+02	 5.98563E+03
 2.33072E+02	 6.03788E+03
 2.38148E+02	 6.09900E+03
 2.43221E+02	 6.16300E+03
 2.48291E+02	 6.21113E+03
 2.53359E+02	 6.28138E+03
 2.58423E+02	 6.35688E+03
 2.63485E+02	 6.41125E+03
 2.68544E+02	 6.48325E+03
 2.73600E+02	 6.53850E+03
 2.78654E+02	 6.59188E+03
 2.83704E+02	 6.66413E+03
 2.88752E+02	 6.73200E+03
 2.93797E+02	 6.80650E+03
 2.98840E+02	 6.86988E+03
 3.03879E+02	 6.93538E+03
 3.08916E+02	 7.01863E+03
 3.13949E+02	 7.08663E+03
 3.18980E+02	 7.15513E+03
 3.24009E+02	 7.20725E+03
 3.29034E+02	 7.28988E+03
 3.34057E+02	 7.35838E+03
 3.39077E+02	 7.43113E+03
 3.44094E+02	 7.49488E+03
 3.49108E+02	 7.56763E+03
 3.54120E+02	 7.63163E+03
 3.59129E+02	 7.72525E+03
 3.64135E+02	 7.79175E+03
 3.69138E+02	 7.85038E+03
 3.74138E+02	 7.93275E+03
 3.79136E+02	 8.01025E+03
 3.84131E+02	 8.09200E+03
 3.89123E+02	 8.15063E+03
 3.94113E+02	 8.23763E+03
 3.99099E+02	 8.32438E+03
 4.04083E+02	 8.36975E+03
 4.09064E+02	 8.45013E+03
 4.14043E+02	 8.53000E+03
 4.19019E+02	 8.60250E+03
 4.23991E+02	 8.69200E+03
 4.28962E+02	 8.75538E+03
 4.33929E+02	 8.84563E+03
 4.38894E+02	 8.93100E+03
 4.43856E+02	 9.01563E+03
 4.48815E+02	 9.09088E+03
 4.53771E+02	 9.16075E+03
 4.58725E+02	 9.24850E+03
 4.63676E+02	 9.33213E+03
 4.68625E+02	 9.42688E+03
 4.73570E+02	 9.49663E+03
 4.78513E+02	 9.59300E+03
 4.83453E+02	 9.65488E+03
 4.88391E+02	 9.74213E+03
 4.93325E+02	 9.81925E+03
 4.98257E+02	 9.92813E+03
 5.03187E+02	 1.00000E+04
 5.08113E+02	 1.00794E+04
 5.13037E+02	 1.01638E+04
 5.17958E+02	 1.02575E+04
 5.22877E+02	 1.03420E+04
 5.27792E+02	 1.04156E+04
 5.32706E+02	 1.05048E+04
 5.37616E+02	 1.06076E+04
 5.42524E+02	 1.06850E+04
 5.47429E+02	 1.07804E+04
 5.52331E+02	 1.08741E+04
 5.57230E+02	 1.09593E+04
 5.62127E+02	 1.10643E+04
 5.67022E+02	 1.11635E+04
 5.71913E+02	 1.12538E+04
 5.76802E+02	 1.13394E+04
 5.81688E+02	 1.14348E+04
 5.86572E+02	 1.15104E+04
 5.91452E+02	 1.15985E+04
 5.96331E+02	 1.17050E+04
 6.01206E+02	 1.17788E+04
 6.06079E+02	 1.18721E+04
 6.10949E+02	 1.19639E+04
 6.15817E+02	 1.20773E+04
 6.20681E+02	 1.21483E+04
 6.25544E+02	 1.22520E+04
 6.30403E+02	 1.23615E+04
 6.35260E+02	 1.24479E+04
 6.40114E+02	 1.25529E+04
 6.44966E+02	 1.26601E+04
 6.49815E+02	 1.27315E+04
 6.54661E+02	 1.28603E+04
 6.59505E+02	 1.29421E+04
 6.64346E+02	 1.30266E+04
 6.69184E+02	 1.31436E+04
 6.74020E+02	 1.32149E+04
 6.78853E+02	 1.33428E+04
 6.83683E+02	 1.34253E+04
 6.88511E+02	 1.35128E+04
 6.93336E+02	 1.36546E+04
 6.98159E+02	 1.37331E+04
 7.02978E+02	 1.38255E+04
 7.07796E+02	 1.39384E+04
 7.12610E+02	 1.40386E+04
 7.17422E+02	 1.41528E+04
 7.22232E+02	 1.42463E+04
 7.27039E+02	 1.43778E+04
 7.31843E+02	 1.44554E+04
 7.36644E+02	 1.45818E+04
 7.41443E+02	 1.46801E+04
 7.46240E+02	 1.47836E+04
 7.51033E+02	 1.48780E+04
 7.55825E+02	 1.49896E+04
 7.60613E+02	 1.51143E+04
 7.65399E+02	 1.52025E+04
 7.70182E+02	 1.53369E+04
 7.74963E+02	 1.54033E+04
 7.79741E+02	 1.55420E+04
 7.84517E+02	 1.56495E+04
 7.89290E+02	 1.57725E+04
 7.94060E+02	 1.58500E+04
 7.98828E+02	 1.60023E+04
 8.03593E+02	 1.61036E+04
 8.08356E+02	 1.61971E+04
 8.13116E+02	 1.63073E+04
 8.17873E+02	 1.64299E+04
 8.22628E+02	 1.65313E+04
 8.27380E+02	 1.66544E+04
 8.32130E+02	 1.67396E+04
 8.36877E+02	 1.68720E+04
 8.41622E+02	 1.69921E+04
 8.46364E+02	 1.70893E+04
 8.51103E+02	 1.72209E+04
 8.55840E+02	 1.73224E+04
 8.60575E+02	 1.74243E+04
 8.65306E+02	 1.75483E+04
 8.70036E+02	 1.76496E+04
 8.74762E+02	 1.77494E+04
 8.79486E+02	 1.78553E+04
 8.84208E+02	 1.79863E+04
 8.88927E+02	 1.81069E+04
 8.93644E+02	 1.82138E+04
 8.98357E+02	 1.83485E+04
 9.03069E+02	 1.84528E+04
 9.07778E+02	 1.85580E+04
 9.12484E+02	 1.86494E+04
 9.17188E+02	 1.87685E+04
 9.21889E+02	 1.88778E+04
 9.26588E+02	 1.89970E+04
 9.31284E+02	 1.91074E+04
 9.35977E+02	 1.92259E+04
 9.40669E+02	 1.93323E+04
 9.45357E+02	 1.94388E+04
 9.50043E+02	 1.95731E+04
 9.54727E+02	 1.96654E+04
 9.59408E+02	 1.98111E+04
 9.64086E+02	 1.99090E+04
 9.68762E+02	 2.00134E+04
 9.73436E+02	 2.01335E+04
 9.78107E+02	 2.02341E+04
 9.82775E+02	 2.03219E+04
 9.87441E+02	 2.04309E+04
 9.92104E+02	 2.05510E+04
 9.96765E+02	 2.06796E+04
 1.00142E+03	 2.07945E+04
 1.00608E+03	 2.09124E+04
 1.01073E+03	 2.09778E+04
 1.01538E+03	 2.10959E+04
 1.02003E+03	 2.11948E+04
 1.02468E+03	 2.13183E+04
 1.02932E+03	 2.14401E+04
 1.03396E+03	 2.15315E+04
 1.03860E+03	 2.16329E+04
 1.04324E+03	 2.17574E+04
 1.04787E+03	 2.18234E+04
 1.05250E+03	 2.19744E+04
 1.05713E+03	 2.20548E+04
 1.06176E+03	 2.21558E+04
 1.06638E+03	 2.22776E+04
 1.07100E+03	 2.23803E+04
 1.07562E+03	 2.24395E+04
 1.08024E+03	 2.25454E+04
 1.08485E+03	 2.26623E+04
 1.08946E+03	 2.27596E+04
 1.09407E+03	 2.28613E+04
 1.09868E+03	 2.29451E+04
 1.10328E+03	 2.30650E+04
 1.10788E+03	 2.31644E+04
 1.11248E+03	 2.32566E+04
 1.11708E+03	 2.33524E+04
 1.12167E+03	 2.34078E+04
 1.12626E+03	 2.35263E+04
 1.13085E+03	 2.36036E+04
 1.13544E+03	 2.37123E+04
 1.14002E+03	 2.37890E+04
 1.14460E+03	 2.38790E+04
 1.14918E+03	 2.39805E+04
 1.15376E+03	 2.40560E+04
 1.15833E+03	 2.41331E+04
 1.16291E+03	 2.41781E+04
 1.16748E+03	 2.42815E+04
 1.17204E+03	 2.43528E+04
 1.17661E+03	 2.44671E+04
 1.18117E+03	 2.45410E+04
 1.18573E+03	 2.46395E+04
 1.19029E+03	 2.47165E+04
 1.19484E+03	 2.47686E+04
 1.19939E+03	 2.48644E+04
 1.20394E+03	 2.49643E+04
 1.20849E+03	 2.50201E+04
 1.21304E+03	 2.51118E+04
 1.21758E+03	 2.51813E+04
 1.22212E+03	 2.52659E+04
 1.22666E+03	 2.53343E+04
 1.23119E+03	 2.54204E+04
 1.23573E+03	 2.54738E+04
 1.24026E+03	 2.55561E+04
 1.24479E+03	 2.55990E+04
 1.24931E+03	 2.56858E+04
 1.25384E+03	 2.58051E+04
 1.25836E+03	 2.58183E+04
 1.26288E+03	 2.58944E+04
 1.26739E+03	 2.59656E+04
 1.27191E+03	 2.60086E+04
 1.27642E+03	 2.60923E+04
 1.28093E+03	 2.61571E+04
 1.28543E+03	 2.62060E+04
 1.28994E+03	 2.62700E+04
 1.29444E+03	 2.63359E+04
 1.29894E+03	 2.63799E+04
 1.30344E+03	 2.64309E+04
 1.30793E+03	 2.64391E+04
 1.31243E+03	 2.65303E+04
 1.31692E+03	 2.65823E+04
 1.32140E+03	 2.66726E+04
 1.32589E+03	 2.67024E+04
 1.33037E+03	 2.67713E+04
 1.33485E+03	 2.68129E+04
 1.33933E+03	 2.68655E+04
 1.34381E+03	 2.69031E+04
 1.34828E+03	 2.69744E+04
 1.35275E+03	 2.70354E+04
 1.35722E+03	 2.70930E+04
 1.36169E+03	 2.71438E+04
 1.36615E+03	 2.71950E+04
 1.37061E+03	 2.72351E+04
 1.37507E+03	 2.73489E+04
 1.37953E+03	 2.73521E+04
 1.38398E+03	 2.73801E+04
 1.38844E+03	 2.74114E+04
 1.39289E+03	 2.74848E+04
 1.39733E+03	 2.75333E+04
 1.40178E+03	 2.75930E+04
 1.40622E+03	 2.76210E+04
 1.41066E+03	 2.76969E+04
 1.41510E+03	 2.77324E+04
 1.41954E+03	 2.77594E+04
 1.42397E+03	 2.78348E+04
 1.42840E+03	 2.78791E+04
 1.43283E+03	 2.79261E+04
 1.43726E+03	 2.79604E+04
 1.44168E+03	 2.80395E+04
 1.44610E+03	 2.80610E+04
 1.45052E+03	 2.81199E+04
 1.45494E+03	 2.81654E+04
 1.45936E+03	 2.82350E+04
 1.46377E+03	 2.83371E+04
 1.46818E+03	 2.83474E+04
 1.47259E+03	 2.83830E+04
 1.47699E+03	 2.84386E+04
 1.48140E+03	 2.85099E+04
 1.48580E+03	 2.85670E+04
 1.49020E+03	 2.86265E+04
 1.49459E+03	 2.87180E+04
 1.49899E+03	 2.87561E+04
 1.50338E+03	 2.88201E+04
 1.50777E+03	 2.88283E+04
 1.51216E+03	 2.88744E+04
 1.51654E+03	 2.89156E+04
 1.52092E+03	 2.89944E+04
 1.52530E+03	 2.90569E+04
 1.52968E+03	 2.90943E+04
 1.53406E+03	 2.91314E+04
 1.53843E+03	 2.91869E+04
 1.54280E+03	 2.92204E+04
 1.54717E+03	 2.93059E+04
 1.55154E+03	 2.93664E+04
 1.55590E+03	 2.94050E+04
 1.56027E+03	 2.94751E+04
 1.56463E+03	 2.95293E+04
 1.56898E+03	 2.95533E+04
 1.57334E+03	 2.96075E+04
 1.57769E+03	 2.96661E+04
 1.58204E+03	 2.97313E+04
 1.58639E+03	 2.98184E+04
 1.59074E+03	 2.98415E+04
 1.59508E+03	 2.99119E+04
 1.59942E+03	 2.99758E+04
 1.60376E+03	 3.00200E+04
 1.60810E+03	 3.00431E+04
 1.61243E+03	 3.01069E+04
 1.61677E+03	 3.01565E+04
 1.62110E+03	 3.01833E+04
 1.62542E+03	 3.02250E+04
 1.62975E+03	 3.02979E+04
 1.63407E+03	 3.03424E+04
 1.63840E+03	 3.04141E+04
 1.64271E+03	 3.04780E+04
 1.64703E+03	 3.05353E+04
 1.65135E+03	 3.05878E+04
 1.65566E+03	 3.06295E+04
 1.65997E+03	 3.06938E+04
 1.66428E+03	 3.07316E+04
 1.66858E+03	 3.07998E+04
 1.67289E+03	 3.08545E+04
 1.67719E+03	 3.09015E+04
 1.68149E+03	 3.09481E+04
 1.68578E+03	 3.09878E+04
 1.69008E+03	 3.10713E+04
 1.69437E+03	 3.11185E+04
 1.69866E+03	 3.11715E+04
 1.70295E+03	 3.12473E+04
 1.70723E+03	 3.12861E+04
 1.71152E+03	 3.13530E+04
 1.71580E+03	 3.13793E+04
 1.72008E+03	 3.14198E+04
 1.72435E+03	 3.14788E+04
 1.72863E+03	 3.15174E+04
 1.73290E+03	 3.15998E+04
 1.73717E+03	 3.16760E+04
 1.74144E+03	 3.17199E+04
 1.74570E+03	 3.17874E+04
 1.74997E+03	 3.18626E+04
 1.75423E+03	 3.18568E+04
 1.75849E+03	 3.19273E+04
 1.76274E+03	 3.19935E+04
 1.76700E+03	 3.20258E+04
 1.77125E+03	 3.21181E+04
 1.77550E+03	 3.21510E+04
 1.77975E+03	 3.22234E+04
 1.78399E+03	 3.22588E+04
 1.78824E+03	 3.22801E+04
 1.79248E+03	 3.23298E+04
 1.79672E+03	 3.23940E+04
 1.80095E+03	 3.24474E+04
 1.80519E+03	 3.25173E+04
 1.80942E+03	 3.25294E+04
 1.81365E+03	 3.26001E+04
 1.81788E+03	 3.26819E+04
 1.82211E+03	 3.27356E+04
 1.82633E+03	 3.27808E+04
 1.83055E+03	 3.28556E+04
 1.83477E+03	 3.28884E+04
 1.83899E+03	 3.29868E+04
 1.84320E+03	 3.29946E+04
 1.84742E+03	 3.30609E+04
 1.85163E+03	 3.31416E+04
 1.85584E+03	 3.31705E+04
 1.86004E+03	 3.32300E+04
 1.86425E+03	 3.32856E+04
 1.86845E+03	 3.33541E+04
 1.87265E+03	 3.33695E+04
 1.87685E+03	 3.34148E+04
 1.88104E+03	 3.34981E+04
 1.88524E+03	 3.35158E+04
 1.88943E+03	 3.35900E+04
 1.89362E+03	 3.36260E+04
 1.89780E+03	 3.36515E+04
 1.90199E+03	 3.37556E+04
 1.90617E+03	 3.37609E+04
 1.91035E+03	 3.37974E+04
 1.91453E+03	 3.38794E+04
 1.91871E+03	 3.39493E+04
 1.92288E+03	 3.39670E+04
 1.92705E+03	 3.40434E+04
 1.93122E+03	 3.41310E+04
 1.93539E+03	 3.41988E+04
 1.93956E+03	 3.42474E+04
 1.94372E+03	 3.42866E+04
 1.94788E+03	 3.43709E+04
 1.95204E+03	 3.44284E+04
 1.95620E+03	 3.44528E+04
 1.96035E+03	 3.45616E+04
 1.96451E+03	 3.46253E+04
 1.96866E+03	 3.46696E+04
 1.97280E+03	 3.46844E+04
 1.97695E+03	 3.47198E+04
 1.98110E+03	 3.47935E+04
 1.98524E+03	 3.48566E+04
 1.98938E+03	 3.48976E+04
 1.99352E+03	 3.49653E+04
 1.99765E+03	 3.50334E+04
 2.00179E+03	 3.50445E+04
 2.00592E+03	 3.51158E+04
 2.01005E+03	 3.52074E+04
 2.01417E+03	 3.52240E+04
 2.01830E+03	 3.53170E+04
 2.02242E+03	 3.53711E+04
 2.02654E+03	 3.54206E+04
 2.03066E+03	 3.54795E+04
 2.03478E+03	 3.55449E+04
 2.03889E+03	 3.56243E+04
 2.04301E+03	 3.56815E+04
 2.04712E+03	 3.56979E+04
 2.05123E+03	 3.57720E+04
 2.05533E+03	 3.57943E+04
 2.05944E+03	 3.59073E+04
 2.06354E+03	 3.59196E+04
 2.06764E+03	 3.59738E+04
 2.07174E+03	 3.60115E+04
 2.07583E+03	 3.60691E+04
 2.07993E+03	 3.61523E+04
 2.08402E+03	 3.61888E+04
 2.08811E+03	 3.62398E+04
 2.09219E+03	 3.62850E+04
 2.09628E+03	 3.63409E+04
 2.10036E+03	 3.63824E+04
 2.10444E+03	 3.64508E+04
 2.10852E+03	 3.64809E+04
 2.11260E+03	 3.65263E+04
 2.11668E+03	 3.66074E+04
 2.12075E+03	 3.66328E+04
 2.12482E+03	 3.67325E+04
 2.12889E+03	 3.67750E+04
 2.13296E+03	 3.68095E+04
 2.13702E+03	 3.68695E+04
 2.14108E+03	 3.69153E+04
 2.14514E+03	 3.69895E+04
 2.14920E+03	 3.70554E+04
 2.15326E+03	 3.70936E+04
 2.15731E+03	 3.71454E+04
 2.16137E+03	 3.72148E+04
 2.16542E+03	 3.72895E+04
 2.16946E+03	 3.72818E+04
 2.17351E+03	 3.73229E+04
 2.17755E+03	 3.73944E+04
 2.18160E+03	 3.74294E+04
 2.18564E+03	 3.74166E+04
 2.18967E+03	 3.75155E+04
 2.19371E+03	 3.75475E+04
 2.19774E+03	 3.75831E+04
 2.20178E+03	 3.76315E+04
 2.20581E+03	 3.77053E+04
 2.20983E+03	 3.77460E+04
 2.21386E+03	 3.78068E+04
 2.21788E+03	 3.78426E+04
 2.22190E+03	 3.78755E+04
 2.22592E+03	 3.79193E+04
 2.22994E+03	 3.79540E+04
 2.23396E+03	 3.79760E+04
 2.23797E+03	 3.80801E+04
 2.24198E+03	 3.80875E+04
 2.24599E+03	 3.81413E+04
 2.25000E+03	 3.82006E+04
 2.25401E+03	 3.82580E+04
 2.25801E+03	 3.82754E+04
 2.26201E+03	 3.83359E+04
 2.26601E+03	 3.83638E+04
 2.27001E+03	 3.84573E+04
 2.27400E+03	 3.84545E+04
 2.27800E+03	 3.85180E+04
 2.28199E+03	 3.85985E+04
 2.28598E+03	 3.86026E+04
 2.28996E+03	 3.86803E+04
 2.29395E+03	 3.87454E+04
 2.29793E+03	 3.87905E+04
 2.30191E+03	 3.88254E+04
 2.30589E+03	 3.88463E+04
 2.30987E+03	 3.89424E+04
 2.31384E+03	 3.89615E+04
 2.31782E+03	 3.90081E+04
 2.32179E+03	 3.90595E+04
 2.32576E+03	 3.91074E+04
 2.32973E+03	 3.91913E+04
 2.33369E+03	 3.92213E+04
 2.33765E+03	 3.92879E+04
 2.34162E+03	 3.93026E+04
 2.34557E+03	 3.93594E+04
 2.34953E+03	 3.94128E+04
 2.35349E+03	 3.95065E+04
 2.35744E+03	 3.95195E+04
 2.36139E+03	 3.96229E+04
 2.36534E+03	 3.95979E+04
 2.36929E+03	 3.96496E+04
 2.37323E+03	 3.97425E+04
 2.37718E+03	 3.97565E+04
 2.38112E+03	 3.98298E+04
 2.38506E+03	 3.98876E+04
 2.38900E+03	 3.99189E+04
 2.39293E+03	 3.99400E+04
 2.39686E+03	 4.00264E+04
 2.40080E+03	 4.00621E+04
 2.40473E+03	 4.00870E+04
 2.40865E+03	 4.01235E+04
 2.41258E+03	 4.02261E+04
 2.41650E+03	 4.02624E+04
 2.42042E+03	 4.03311E+04
 2.42434E+03	 4.03786E+04
 2.42826E+03	 4.04358E+04
 2.43218E+03	 4.04758E+04
 2.43609E+03	 4.05438E+04
 2.44000E+03	 4.05891E+04
 2.44391E+03	 4.06395E+04
 2.44782E+03	 4.07161E+04
 2.45173E+03	 4.07385E+04
 2.45563E+03	 4.08458E+04
 2.45953E+03	 4.08553E+04
 2.46343E+03	 4.09184E+04
 2.46733E+03	 4.10254E+04
 2.47123E+03	 4.10589E+04
 2.47512E+03	 4.10726E+04
 2.47902E+03	 4.11180E+04
 2.48291E+03	 4.12445E+04
 2.48679E+03	 4.12509E+04
 2.49068E+03	 4.13371E+04
 2.49457E+03	 4.13781E+04
 2.49845E+03	 4.13979E+04
 2.50233E+03	 4.14510E+04
 2.50621E+03	 4.15461E+04
 2.51008E+03	 4.15723E+04
 2.51396E+03	 4.16408E+04
 2.51783E+03	 4.16819E+04
 2.52170E+03	 4.17431E+04
 2.52557E+03	 4.18326E+04
 2.52944E+03	 4.19034E+04
 2.53331E+03	 4.19508E+04
 2.53717E+03	 4.20095E+04
 2.54103E+03	 4.20606E+04
 2.54489E+03	 4.21181E+04
 2.54875E+03	 4.21715E+04
 2.55260E+03	 4.22076E+04
 2.55646E+03	 4.23003E+04
 2.56031E+03	 4.23618E+04
 2.56416E+03	 4.23990E+04
 2.56801E+03	 4.24656E+04
 2.57185E+03	 4.25275E+04
 2.57570E+03	 4.25833E+04
 2.57954E+03	 4.26258E+04
 2.58338E+03	 4.27138E+04
 2.58722E+03	 4.27205E+04
 2.59105E+03	 4.28153E+04
 2.59489E+03	 4.28388E+04
 2.59872E+03	 4.29289E+04
 2.60255E+03	 4.28965E+04
 2.60638E+03	 4.29944E+04
 2.61021E+03	 4.30868E+04
 2.61403E+03	 4.31511E+04
 2.61786E+03	 4.31851E+04
 2.62168E+03	 4.32694E+04
 2.62550E+03	 4.33400E+04
 2.62932E+03	 4.33593E+04
 2.63313E+03	 4.34378E+04
 2.63695E+03	 4.34965E+04
 2.64076E+03	 4.35485E+04
 2.64457E+03	 4.36294E+04
 2.64838E+03	 4.36859E+04
 2.65218E+03	 4.37659E+04
 2.65599E+03	 4.37993E+04
 2.65979E+03	 4.38415E+04
 2.66359E+03	 4.39224E+04
 2.66739E+03	 4.39513E+04
 2.67118E+03	 4.40346E+04
 2.67498E+03	 4.41125E+04
 2.67877E+03	 4.41864E+04
 2.68256E+03	 4.42123E+04
 2.68635E+03	 4.43001E+04
 2.69014E+03	 4.43188E+04
 2.69393E+03	 4.43989E+04
 2.69771E+03	 4.44564E+04
 2.70149E+03	 4.44865E+04
 2.70527E+03	 4.45805E+04
 2.70905E+03	 4.46375E+04
 2.71283E+03	 4.46998E+04
 2.71660E+03	 4.47394E+04
 2.72037E+03	 4.48065E+04
 2.72414E+03	 4.48968E+04
 2.72791E+03	 4.49663E+04
 2.73168E+03	 4.50178E+04
 2.73544E+03	 4.50441E+04
 2.73921E+03	 4.51413E+04
 2.74297E+03	 4.52183E+04
 2.74673E+03	 4.53004E+04
 2.75049E+03	 4.53288E+04
 2.75424E+03	 4.54158E+04
 2.75800E+03	 4.54409E+04
 2.76175E+03	 4.55103E+04
 2.76550E+03	 4.56051E+04
 2.76925E+03	 4.56655E+04
 2.77299E+03	 4.56895E+04
 2.77674E+03	 4.57694E+04
 2.78048E+03	 4.58426E+04
 2.78422E+03	 4.58731E+04
 2.78796E+03	 4.59688E+04
 2.79170E+03	 4.60628E+04
 2.79544E+03	 4.61240E+04
 2.79917E+03	 4.61479E+04
 2.80290E+03	 4.61933E+04
 2.80663E+03	 4.62665E+04
 2.81036E+03	 4.63280E+04
 2.81409E+03	 4.64043E+04
 2.81781E+03	 4.64061E+04
 2.82153E+03	 4.65715E+04
 2.82525E+03	 4.66126E+04
 2.82897E+03	 4.66795E+04
 2.83269E+03	 4.67356E+04
 2.83641E+03	 4.67780E+04
 2.84012E+03	 4.68338E+04
 2.84383E+03	 4.69501E+04
 2.84754E+03	 4.69914E+04
 2.85125E+03	 4.70481E+04
 2.85496E+03	 4.71271E+04
 2.85866E+03	 4.71763E+04
 2.86236E+03	 4.72393E+04
 2.86606E+03	 4.73464E+04
 2.86976E+03	 4.74085E+04
 2.87346E+03	 4.74271E+04
 2.87716E+03	 4.74868E+04
 2.88085E+03	 4.75503E+04
 2.88454E+03	 4.76463E+04
 2.88823E+03	 4.77071E+04
 2.89192E+03	 4.77551E+04
 2.89561E+03	 4.77996E+04
 2.89929E+03	 4.78620E+04
 2.90297E+03	 4.79918E+04
 2.90666E+03	 4.79916E+04
 2.91033E+03	 4.81245E+04
 2.91401E+03	 4.81496E+04
 2.91769E+03	 4.82028E+04
 2.92136E+03	 4.82706E+04
 2.92503E+03	 4.83243E+04
 2.92870E+03	 4.84394E+04
 2.93237E+03	 4.84733E+04
 2.93604E+03	 4.85559E+04
 2.93970E+03	 4.85779E+04
 2.94337E+03	 4.87080E+04
 2.94703E+03	 4.87350E+04
 2.95069E+03	 4.87773E+04
 2.95435E+03	 4.88739E+04
 2.95800E+03	 4.89598E+04
 2.96166E+03	 4.89918E+04
 2.96531E+03	 4.90808E+04
 2.96896E+03	 4.91441E+04
 2.97261E+03	 4.92135E+04
 2.97626E+03	 4.93306E+04
 2.97990E+03	 4.93608E+04
 2.98354E+03	 4.93874E+04
 2.98719E+03	 4.95196E+04
 2.99083E+03	 4.95554E+04
 2.99446E+03	 4.96179E+04
 2.99810E+03	 4.96974E+04
 3.00174E+03	 4.97554E+04
 3.00537E+03	 4.98364E+04
 3.00900E+03	 4.98735E+04
 3.01263E+03	 4.98998E+04
 3.01626E+03	 5.00130E+04
 3.01988E+03	 5.00480E+04
 3.02351E+03	 5.01604E+04
 3.02713E+03	 5.02193E+04
 3.03075E+03	 5.02401E+04
 3.03437E+03	 5.03221E+04
 3.03799E+03	 5.03403E+04
 3.04160E+03	 5.04148E+04
 3.04521E+03	 5.04510E+04
 3.04883E+03	 5.05040E+04
 3.05244E+03	 5.05781E+04
 3.05605E+03	 5.06529E+04
 3.05965E+03	 5.06861E+04
 3.06326E+03	 5.07843E+04
 3.06686E+03	 5.08304E+04
 3.07046E+03	 5.09045E+04
 3.07406E+03	 5.08965E+04
 3.07766E+03	 5.09928E+04
 3.08125E+03	 5.10691E+04
 3.08485E+03	 5.11548E+04
 3.08844E+03	 5.11910E+04
 3.09203E+03	 5.12509E+04
 3.09562E+03	 5.13408E+04
 3.09921E+03	 5.13841E+04
 3.10280E+03	 5.14370E+04
 3.10638E+03	 5.14761E+04
 3.10996E+03	 5.15693E+04
 3.11354E+03	 5.16290E+04
 3.11712E+03	 5.16668E+04
 3.12070E+03	 5.17355E+04
 3.12427E+03	 5.18278E+04
 3.12785E+03	 5.19096E+04
 3.13142E+03	 5.19464E+04
 3.13499E+03	 5.20159E+04
 3.13856E+03	 5.20794E+04
 3.14212E+03	 5.21548E+04
 3.14569E+03	 5.22023E+04
 3.14925E+03	 5.22666E+04
 3.15281E+03	 5.23320E+04
 3.15637E+03	 5.24104E+04
 3.15993E+03	 5.24804E+04
 3.16349E+03	 5.25170E+04
 3.16704E+03	 5.26198E+04
 3.17060E+03	 5.26390E+04
 3.17415E+03	 5.27394E+04
 3.17770E+03	 5.27601E+04
 3.18124E+03	 5.28741E+04
 3.18479E+03	 5.29436E+04
 3.18834E+03	 5.29939E+04
 3.19188E+03	 5.30795E+04
 3.19542E+03	 5.31616E+04
 3.19896E+03	 5.32453E+04
 3.20250E+03	 5.32861E+04
 3.20603E+03	 5.33356E+04
 3.20957E+03	 5.34249E+04
 3.21310E+03	 5.34365E+04
 3.21663E+03	 5.35685E+04
 3.22016E+03	 5.36039E+04
 3.22369E+03	 5.36585E+04
 3.22721E+03	 5.37441E+04
 3.23074E+03	 5.38233E+04
 3.23426E+03	 5.38145E+04
 3.23778E+03	 5.39025E+04
 3.24130E+03	 5.40014E+04
 3.24481E+03	 5.40779E+04
 3.24833E+03	 5.41444E+04
 3.25184E+03	 5.41649E+04
 3.25536E+03	 5.42364E+04
 3.25887E+03	 5.43111E+04
 3.26238E+03	 5.43486E+04
 3.26588E+03	 5.44734E+04
 3.26939E+03	 5.45224E+04
 3.27289E+03	 5.45704E+04
 3.27639E+03	 5.46441E+04
 3.27989E+03	 5.46673E+04
 3.28339E+03	 5.47458E+04
 3.28689E+03	 5.48335E+04
 3.29039E+03	 5.49040E+04
 3.29388E+03	 5.49756E+04
 3.29737E+03	 5.49890E+04
 3.30086E+03	 5.51134E+04
 3.30435E+03	 5.51599E+04
 3.30784E+03	 5.52001E+04
 3.31132E+03	 5.52431E+04
 3.31481E+03	 5.53366E+04
 3.31829E+03	 5.53713E+04
 3.32177E+03	 5.54645E+04
 3.32525E+03	 5.55036E+04
 3.32873E+03	 5.55420E+04
 3.33220E+03	 5.56399E+04
 3.33567E+03	 5.56820E+04
 3.33915E+03	 5.57714E+04
 3.34262E+03	 5.57808E+04
 3.34609E+03	 5.58736E+04
 3.34955E+03	 5.59020E+04
 3.35302E+03	 5.59924E+04
 3.35648E+03	 5.60730E+04
 3.35994E+03	 5.60894E+04
 3.36341E+03	 5.61259E+04
 3.36686E+03	 5.62126E+04
 3.37032E+03	 5.62716E+04
 3.37378E+03	 5.63173E+04
 3.37723E+03	 5.63490E+04
 3.38068E+03	 5.64270E+04
 3.38413E+03	 5.64766E+04
 3.38758E+03	 5.65120E+04
 3.39103E+03	 5.66151E+04
 3.39448E+03	 5.66099E+04
 3.39792E+03	 5.67404E+04
 3.40136E+03	 5.67799E+04
 3.40480E+03	 5.68059E+04
 3.40824E+03	 5.68620E+04
 3.41168E+03	 5.69120E+04
 3.41512E+03	 5.70226E+04
 3.41855E+03	 5.70495E+04
 3.42198E+03	 5.71554E+04
 3.42541E+03	 5.71499E+04
 3.42884E+03	 5.72351E+04
 3.43227E+03	 5.72883E+04
 3.43570E+03	 5.73519E+04
 3.43912E+03	 5.73921E+04
 3.44254E+03	 5.74196E+04
 3.44597E+03	 5.74813E+04
 3.44939E+03	 5.75299E+04
 3.45280E+03	 5.76236E+04
 3.45622E+03	 5.77098E+04
 3.45963E+03	 5.77564E+04
 3.46305E+03	 5.78074E+04
 3.46646E+03	 5.78181E+04
 3.46987E+03	 5.79241E+04
 3.47328E+03	 5.79795E+04
 3.47668E+03	 5.80158E+04
 3.48009E+03	 5.81071E+04
 3.48349E+03	 5.81880E+04
 3.48689E+03	 5.82658E+04
 3.49029E+03	 5.83190E+04
 3.49369E+03	 5.83338E+04
 3.49709E+03	 5.84080E+04
 3.50049E+03	 5.84630E+04
 3.50388E+03	 5.85124E+04
 3.50727E+03	 5.85360E+04
 3.51066E+03	 5.85875E+04
 3.51405E+03	 5.86429E+04
 3.51744E+03	 5.87255E+04
 3.52082E+03	 5.87371E+04
 3.52421E+03	 5.88259E+04
 3.52759E+03	 5.88156E+04
 3.53097E+03	 5.88865E+04
 3.53435E+03	 5.89384E+04
 3.53773E+03	 5.89720E+04
 3.54110E+03	 5.90489E+04
 3.54448E+03	 5.90866E+04
 3.54785E+03	 5.91609E+04
 3.55122E+03	 5.92090E+04
 3.55459E+03	 5.92924E+04
 3.55796E+03	 5.93801E+04
 3.56133E+03	 5.94100E+04
 3.56469E+03	 5.94754E+04
 3.56806E+03	 5.95003E+04
 3.57142E+03	 5.95658E+04
 3.57478E+03	 5.96155E+04
 3.57814E+03	 5.97071E+04
 3.58149E+03	 5.97378E+04
 3.58485E+03	 5.97623E+04
 3.58820E+03	 5.97854E+04
 3.59156E+03	 5.98498E+04
 3.59491E+03	 5.98751E+04
 3.59826E+03	 6.00054E+04
 3.60160E+03	 6.00153E+04
 3.60495E+03	 6.00408E+04
 3.60829E+03	 6.00839E+04
 3.61164E+03	 6.01334E+04
 3.61498E+03	 6.01788E+04
 3.61832E+03	 6.02411E+04
 3.62166E+03	 6.02854E+04
 3.62499E+03	 6.03345E+04
 3.62833E+03	 6.03754E+04
 3.63166E+03	 6.03676E+04
 3.63499E+03	 6.04473E+04
 3.63832E+03	 6.05211E+04
 3.64165E+03	 6.05155E+04
 3.64498E+03	 6.05798E+04
 3.64831E+03	 6.06498E+04
 3.65163E+03	 6.06703E+04
 3.65495E+03	 6.07349E+04
 3.65827E+03	 6.07596E+04
 3.66159E+03	 6.08346E+04
 3.66491E+03	 6.08329E+04
 3.66823E+03	 6.08875E+04
 3.67154E+03	 6.09193E+04
 3.67485E+03	 6.10055E+04
 3.67817E+03	 6.10515E+04
 3.68148E+03	 6.10359E+04
 3.68478E+03	 6.11196E+04
 3.68809E+03	 6.11379E+04
 3.69140E+03	 6.11806E+04
 3.69470E+03	 6.12260E+04
 3.69800E+03	 6.12778E+04
 3.70130E+03	 6.13014E+04
 3.70460E+03	 6.13383E+04
 3.70790E+03	 6.13993E+04
 3.71120E+03	 6.14266E+04
 3.71449E+03	 6.14791E+04
 3.71778E+03	 6.14839E+04
 3.72108E+03	 6.15106E+04
 3.72437E+03	 6.15528E+04
 3.72765E+03	 6.15988E+04
 3.73094E+03	 6.15938E+04
 3.73423E+03	 6.16509E+04
 3.73751E+03	 6.16736E+04
 3.74079E+03	 6.17065E+04
 3.74407E+03	 6.17729E+04
 3.74735E+03	 6.18064E+04
 3.75063E+03	 6.18636E+04
 3.75391E+03	 6.18780E+04
 3.75718E+03	 6.19205E+04
 3.76045E+03	 6.19643E+04
 3.76373E+03	 6.20040E+04
 3.76700E+03	 6.20038E+04
 3.77026E+03	 6.20723E+04
 3.77353E+03	 6.20669E+04
 3.77680E+03	 6.20989E+04
 3.78006E+03	 6.21468E+04
 3.78332E+03	 6.21730E+04
 3.78658E+03	 6.22019E+04
 3.78984E+03	 6.22691E+04
 3.79310E+03	 6.22803E+04
 3.79636E+03	 6.22916E+04
 3.79961E+03	 6.23209E+04
 3.80287E+03	 6.23564E+04
 3.80612E+03	 6.23781E+04
 3.80937E+03	 6.24195E+04
 3.81262E+03	 6.24319E+04
 3.81586E+03	 6.24665E+04
 3.81911E+03	 6.24745E+04
 3.82235E+03	 6.25324E+04
 3.82560E+03	 6.25180E+04
 3.82884E+03	 6.25983E+04
 3.83208E+03	 6.26441E+04
 3.83532E+03	 6.26536E+04
 3.83855E+03	 6.27085E+04
 3.84179E+03	 6.27005E+04
 3.84502E+03	 6.27465E+04
 3.84825E+03	 6.27595E+04
 3.85148E+03	 6.27918E+04
 3.85471E+03	 6.28076E+04
 3.85794E+03	 6.28460E+04
 3.86117E+03	 6.28999E+04
 3.86439E+03	 6.29075E+04
 3.86762E+03	 6.29320E+04
 3.87084E+03	 6.29524E+04
 3.87406E+03	 6.29685E+04
 3.87728E+03	 6.29885E+04
 3.88049E+03	 6.30273E+04
 3.88371E+03	 6.30516E+04
 3.88692E+03	 6.30939E+04
 3.89014E+03	 6.31245E+04
 3.89335E+03	 6.31384E+04
 3.89656E+03	 6.31684E+04
 3.89977E+03	 6.31846E+04
 3.90297E+03	 6.32315E+04
 3.90618E+03	 6.32663E+04
 3.90938E+03	 6.32978E+04
 3.91258E+03	 6.33041E+04
 3.91579E+03	 6.33234E+04
 3.91898E+03	 6.33498E+04
 3.92218E+03	 6.33619E+04
 3.92538E+03	 6.34014E+04
 3.92857E+03	 6.34079E+04
 3.93177E+03	 6.34269E+04
 3.93496E+03	 6.34849E+04
 3.93815E+03	 6.35123E+04
 3.94134E+03	 6.35206E+04
 3.94453E+03	 6.35518E+04
 3.94771E+03	 6.35689E+04
 3.95090E+03	 6.35808E+04
 3.95408E+03	 6.35976E+04
 3.95726E+03	 6.36256E+04
 3.96044E+03	 6.36384E+04
 3.96362E+03	 6.36610E+04
 3.96680E+03	 6.36858E+04
 3.96997E+03	 6.36954E+04
 3.97315E+03	 6.37088E+04
 3.97632E+03	 6.37423E+04
 3.97949E+03	 6.37580E+04
 3.98266E+03	 6.37631E+04
 3.98583E+03	 6.37884E+04
 3.98900E+03	 6.38023E+04
 3.99216E+03	 6.38071E+04
 3.99533E+03	 6.38299E+04
 3.99849E+03	 6.38458E+04
 4.00165E+03	 6.38753E+04
 4.00481E+03	 6.38941E+04
 4.00797E+03	 6.38980E+04
 4.01113E+03	 6.39104E+04
 4.01428E+03	 6.39478E+04
 4.01744E+03	 6.39558E+04
 4.02059E+03	 6.39751E+04
 4.02374E+03	 6.39813E+04
 4.02689E+03	 6.40276E+04
 4.03004E+03	 6.40225E+04
 4.03318E+03	 6.40383E+04
 4.03633E+03	 6.40516E+04
 4.03947E+03	 6.40810E+04
 4.04262E+03	 6.40645E+04
 4.04576E+03	 6.40719E+04
 4.04890E+03	 6.40788E+04
 4.05203E+03	 6.40826E+04
 4.05517E+03	 6.40883E+04
 4.05831E+03	 6.40743E+04
 4.06144E+03	 6.32546E+04
