-1.03034E+02	 3.39100E+03
-9.77694E+01	 3.43163E+03
-9.25079E+01	 3.49488E+03
-8.72494E+01	 3.53213E+03
-8.19938E+01	 3.56250E+03
-7.67412E+01	 3.62263E+03
-7.14916E+01	 3.66150E+03
-6.62450E+01	 3.71175E+03
-6.10013E+01	 3.74563E+03
-5.57605E+01	 3.79563E+03
-5.05228E+01	 3.84325E+03
-4.52879E+01	 3.89100E+03
-4.00561E+01	 3.92888E+03
-3.48271E+01	 3.98038E+03
-2.96012E+01	 4.03325E+03
-2.43781E+01	 4.08113E+03
-1.91580E+01	 4.11825E+03
-1.39409E+01	 4.17200E+03
-8.72666E+00	 4.21100E+03
-3.51538E+00	 4.27213E+03
 1.69298E+00	 4.31688E+03
 6.89840E+00	 4.36850E+03
 1.21009E+01	 4.42888E+03
 1.73005E+01	 4.46825E+03
 2.24971E+01	 4.52763E+03
 2.76908E+01	 4.57663E+03
 3.28816E+01	 4.63988E+03
 3.80695E+01	 4.68238E+03
 4.32545E+01	 4.74838E+03
 4.84366E+01	 4.78988E+03
 5.36157E+01	 4.84813E+03
 5.87920E+01	 4.90125E+03
 6.39653E+01	 4.95775E+03
 6.91358E+01	 5.02088E+03
 7.43033E+01	 5.05788E+03
 7.94680E+01	 5.11538E+03
 8.46297E+01	 5.18038E+03
 8.97886E+01	 5.21875E+03
 9.49446E+01	 5.28350E+03
 1.00098E+02	 5.33088E+03
 1.05248E+02	 5.39838E+03
 1.10395E+02	 5.45300E+03
 1.15540E+02	 5.51238E+03
 1.20681E+02	 5.57225E+03
 1.25820E+02	 5.62900E+03
 1.30956E+02	 5.67350E+03
 1.36089E+02	 5.73913E+03
 1.41219E+02	 5.79675E+03
 1.46346E+02	 5.86963E+03
 1.51470E+02	 5.91850E+03
 1.56592E+02	 5.98513E+03
 1.61710E+02	 6.06350E+03
 1.66826E+02	 6.10725E+03
 1.71939E+02	 6.17350E+03
 1.77049E+02	 6.24300E+03
 1.82156E+02	 6.32188E+03
 1.87260E+02	 6.37963E+03
 1.92362E+02	 6.44538E+03
 1.97461E+02	 6.49750E+03
 2.02556E+02	 6.57000E+03
 2.07649E+02	 6.64875E+03
 2.12739E+02	 6.70500E+03
 2.17827E+02	 6.76750E+03
 2.22911E+02	 6.83875E+03
 2.27993E+02	 6.89813E+03
 2.33072E+02	 6.97725E+03
 2.38148E+02	 7.03138E+03
 2.43221E+02	 7.09988E+03
 2.48291E+02	 7.16775E+03
 2.53359E+02	 7.23350E+03
 2.58423E+02	 7.29663E+03
 2.63485E+02	 7.36950E+03
 2.68544E+02	 7.44238E+03
 2.73600E+02	 7.50138E+03
 2.78654E+02	 7.59100E+03
 2.83704E+02	 7.67063E+03
 2.88752E+02	 7.71513E+03
 2.93797E+02	 7.79988E+03
 2.98840E+02	 7.87038E+03
 3.03879E+02	 7.94663E+03
 3.08916E+02	 8.02750E+03
 3.13949E+02	 8.09838E+03
 3.18980E+02	 8.17700E+03
 3.24009E+02	 8.25363E+03
 3.29034E+02	 8.33800E+03
 3.34057E+02	 8.40325E+03
 3.39077E+02	 8.48263E+03
 3.44094E+02	 8.56575E+03
 3.49108E+02	 8.64250E+03
 3.54120E+02	 8.72738E+03
 3.59129E+02	 8.78825E+03
 3.64135E+02	 8.86875E+03
 3.69138E+02	 8.92200E+03
 3.74138E+02	 9.03150E+03
 3.79136E+02	 9.09550E+03
 3.84131E+02	 9.19725E+03
 3.89123E+02	 9.26000E+03
 3.94113E+02	 9.34113E+03
 3.99099E+02	 9.41400E+03
 4.04083E+02	 9.50825E+03
 4.09064E+02	 9.59263E+03
 4.14043E+02	 9.67313E+03
 4.19019E+02	 9.76675E+03
 4.23991E+02	 9.84425E+03
 4.28962E+02	 9.90988E+03
 4.33929E+02	 9.99838E+03
 4.38894E+02	 1.00973E+04
 4.43856E+02	 1.01930E+04
 4.48815E+02	 1.02798E+04
 4.53771E+02	 1.03485E+04
 4.58725E+02	 1.04480E+04
 4.63676E+02	 1.05291E+04
 4.68625E+02	 1.06225E+04
 4.73570E+02	 1.06996E+04
 4.78513E+02	 1.07889E+04
 4.83453E+02	 1.08845E+04
 4.88391E+02	 1.09709E+04
 4.93325E+02	 1.10529E+04
 4.98257E+02	 1.11670E+04
 5.03187E+02	 1.12371E+04
 5.08113E+02	 1.13264E+04
 5.13037E+02	 1.14215E+04
 5.17958E+02	 1.15061E+04
 5.22877E+02	 1.16106E+04
 5.27792E+02	 1.16949E+04
 5.32706E+02	 1.17983E+04
 5.37616E+02	 1.18796E+04
 5.42524E+02	 1.19818E+04
 5.47429E+02	 1.20668E+04
 5.52331E+02	 1.21621E+04
 5.57230E+02	 1.22786E+04
 5.62127E+02	 1.23704E+04
 5.67022E+02	 1.24665E+04
 5.71913E+02	 1.25591E+04
 5.76802E+02	 1.26599E+04
 5.81688E+02	 1.27501E+04
 5.86572E+02	 1.28503E+04
 5.91452E+02	 1.29578E+04
 5.96331E+02	 1.30416E+04
 6.01206E+02	 1.31320E+04
 6.06079E+02	 1.32465E+04
 6.10949E+02	 1.33308E+04
 6.15817E+02	 1.34414E+04
 6.20681E+02	 1.35096E+04
 6.25544E+02	 1.36339E+04
 6.30403E+02	 1.37346E+04
 6.35260E+02	 1.38351E+04
 6.40114E+02	 1.39415E+04
 6.44966E+02	 1.40351E+04
 6.49815E+02	 1.41234E+04
 6.54661E+02	 1.42368E+04
 6.59505E+02	 1.43580E+04
 6.64346E+02	 1.44488E+04
 6.69184E+02	 1.45409E+04
 6.74020E+02	 1.46538E+04
 6.78853E+02	 1.47505E+04
 6.83683E+02	 1.48606E+04
 6.88511E+02	 1.49431E+04
 6.93336E+02	 1.50433E+04
 6.98159E+02	 1.51641E+04
 7.02978E+02	 1.52916E+04
 7.07796E+02	 1.53738E+04
 7.12610E+02	 1.54809E+04
 7.17422E+02	 1.55949E+04
 7.22232E+02	 1.57115E+04
 7.27039E+02	 1.58048E+04
 7.31843E+02	 1.59095E+04
 7.36644E+02	 1.60130E+04
 7.41443E+02	 1.61116E+04
 7.46240E+02	 1.62335E+04
 7.51033E+02	 1.63278E+04
 7.55825E+02	 1.64506E+04
 7.60613E+02	 1.65549E+04
 7.65399E+02	 1.66673E+04
 7.70182E+02	 1.67924E+04
 7.74963E+02	 1.68796E+04
 7.79741E+02	 1.69886E+04
 7.84517E+02	 1.71019E+04
 7.89290E+02	 1.71970E+04
 7.94060E+02	 1.73196E+04
 7.98828E+02	 1.74330E+04
 8.03593E+02	 1.75526E+04
 8.08356E+02	 1.76679E+04
 8.13116E+02	 1.77784E+04
 8.17873E+02	 1.78944E+04
 8.22628E+02	 1.79961E+04
 8.27380E+02	 1.81123E+04
 8.32130E+02	 1.82296E+04
 8.36877E+02	 1.83273E+04
 8.41622E+02	 1.84426E+04
 8.46364E+02	 1.85419E+04
 8.51103E+02	 1.86431E+04
 8.55840E+02	 1.87526E+04
 8.60575E+02	 1.88815E+04
 8.65306E+02	 1.89783E+04
 8.70036E+02	 1.90766E+04
 8.74762E+02	 1.92023E+04
 8.79486E+02	 1.92799E+04
 8.84208E+02	 1.93939E+04
 8.88927E+02	 1.95181E+04
 8.93644E+02	 1.96079E+04
 8.98357E+02	 1.97274E+04
 9.03069E+02	 1.98435E+04
 9.07778E+02	 1.99325E+04
 9.12484E+02	 2.00520E+04
 9.17188E+02	 2.01585E+04
 9.21889E+02	 2.02678E+04
 9.26588E+02	 2.03596E+04
 9.31284E+02	 2.04563E+04
 9.35977E+02	 2.05663E+04
 9.40669E+02	 2.06590E+04
 9.45357E+02	 2.07795E+04
 9.50043E+02	 2.09009E+04
 9.54727E+02	 2.09796E+04
 9.59408E+02	 2.11004E+04
 9.64086E+02	 2.12024E+04
 9.68762E+02	 2.13104E+04
 9.73436E+02	 2.13989E+04
 9.78107E+02	 2.14880E+04
 9.82775E+02	 2.15974E+04
 9.87441E+02	 2.16766E+04
 9.92104E+02	 2.17860E+04
 9.96765E+02	 2.19129E+04
 1.00142E+03	 2.19935E+04
 1.00608E+03	 2.20909E+04
 1.01073E+03	 2.21925E+04
 1.01538E+03	 2.22911E+04
 1.02003E+03	 2.23765E+04
 1.02468E+03	 2.24616E+04
 1.02932E+03	 2.25363E+04
 1.03396E+03	 2.26868E+04
 1.03860E+03	 2.27688E+04
 1.04324E+03	 2.28318E+04
 1.04787E+03	 2.29228E+04
 1.05250E+03	 2.30349E+04
 1.05713E+03	 2.31168E+04
 1.06176E+03	 2.31834E+04
 1.06638E+03	 2.32863E+04
 1.07100E+03	 2.33985E+04
 1.07562E+03	 2.34464E+04
 1.08024E+03	 2.35478E+04
 1.08485E+03	 2.36055E+04
 1.08946E+03	 2.36851E+04
 1.09407E+03	 2.37818E+04
 1.09868E+03	 2.38234E+04
 1.10328E+03	 2.39526E+04
 1.10788E+03	 2.39901E+04
 1.11248E+03	 2.40705E+04
 1.11708E+03	 2.41616E+04
 1.12167E+03	 2.42333E+04
 1.12626E+03	 2.42730E+04
 1.13085E+03	 2.43481E+04
 1.13544E+03	 2.44443E+04
 1.14002E+03	 2.44974E+04
 1.14460E+03	 2.45545E+04
 1.14918E+03	 2.46084E+04
 1.15376E+03	 2.46673E+04
 1.15833E+03	 2.47456E+04
 1.16291E+03	 2.47719E+04
 1.16748E+03	 2.48478E+04
 1.17204E+03	 2.49025E+04
 1.17661E+03	 2.50043E+04
 1.18117E+03	 2.50365E+04
 1.18573E+03	 2.50911E+04
 1.19029E+03	 2.51348E+04
 1.19484E+03	 2.52306E+04
 1.19939E+03	 2.52796E+04
 1.20394E+03	 2.53338E+04
 1.20849E+03	 2.53903E+04
 1.21304E+03	 2.54744E+04
 1.21758E+03	 2.55076E+04
 1.22212E+03	 2.55749E+04
 1.22666E+03	 2.56570E+04
 1.23119E+03	 2.57129E+04
 1.23573E+03	 2.57285E+04
 1.24026E+03	 2.58220E+04
 1.24479E+03	 2.58453E+04
 1.24931E+03	 2.59214E+04
 1.25384E+03	 2.59843E+04
 1.25836E+03	 2.60061E+04
 1.26288E+03	 2.60486E+04
 1.26739E+03	 2.61276E+04
 1.27191E+03	 2.61926E+04
 1.27642E+03	 2.62226E+04
 1.28093E+03	 2.63063E+04
 1.28543E+03	 2.63473E+04
 1.28994E+03	 2.64034E+04
 1.29444E+03	 2.64444E+04
 1.29894E+03	 2.64968E+04
 1.30344E+03	 2.65385E+04
 1.30793E+03	 2.65354E+04
 1.31243E+03	 2.66473E+04
 1.31692E+03	 2.66978E+04
 1.32140E+03	 2.67695E+04
 1.32589E+03	 2.67833E+04
 1.33037E+03	 2.68696E+04
 1.33485E+03	 2.68874E+04
 1.33933E+03	 2.69559E+04
 1.34381E+03	 2.69746E+04
 1.34828E+03	 2.70371E+04
 1.35275E+03	 2.71231E+04
 1.35722E+03	 2.71680E+04
 1.36169E+03	 2.72029E+04
 1.36615E+03	 2.72438E+04
 1.37061E+03	 2.73053E+04
 1.37507E+03	 2.73864E+04
 1.37953E+03	 2.74133E+04
 1.38398E+03	 2.74368E+04
 1.38844E+03	 2.75225E+04
 1.39289E+03	 2.75688E+04
 1.39733E+03	 2.76329E+04
 1.40178E+03	 2.76973E+04
 1.40622E+03	 2.77225E+04
 1.41066E+03	 2.77795E+04
 1.41510E+03	 2.77893E+04
 1.41954E+03	 2.78415E+04
 1.42397E+03	 2.78970E+04
 1.42840E+03	 2.79220E+04
 1.43283E+03	 2.80199E+04
 1.43726E+03	 2.80515E+04
 1.44168E+03	 2.81001E+04
 1.44610E+03	 2.81739E+04
 1.45052E+03	 2.82213E+04
 1.45494E+03	 2.82675E+04
 1.45936E+03	 2.83260E+04
 1.46377E+03	 2.83636E+04
 1.46818E+03	 2.84350E+04
 1.47259E+03	 2.84539E+04
 1.47699E+03	 2.85424E+04
 1.48140E+03	 2.85969E+04
 1.48580E+03	 2.86526E+04
 1.49020E+03	 2.86919E+04
 1.49459E+03	 2.87510E+04
 1.49899E+03	 2.88109E+04
 1.50338E+03	 2.88768E+04
 1.50777E+03	 2.89001E+04
 1.51216E+03	 2.89731E+04
 1.51654E+03	 2.90121E+04
 1.52092E+03	 2.91016E+04
 1.52530E+03	 2.91456E+04
 1.52968E+03	 2.91870E+04
 1.53406E+03	 2.92278E+04
 1.53843E+03	 2.92810E+04
 1.54280E+03	 2.93489E+04
 1.54717E+03	 2.93968E+04
 1.55154E+03	 2.94251E+04
 1.55590E+03	 2.94399E+04
 1.56027E+03	 2.95416E+04
 1.56463E+03	 2.95675E+04
 1.56898E+03	 2.96741E+04
 1.57334E+03	 2.97385E+04
 1.57769E+03	 2.97534E+04
 1.58204E+03	 2.98235E+04
 1.58639E+03	 2.98954E+04
 1.59074E+03	 2.99335E+04
 1.59508E+03	 2.99770E+04
 1.59942E+03	 3.00374E+04
 1.60376E+03	 3.01084E+04
 1.60810E+03	 3.01320E+04
 1.61243E+03	 3.01754E+04
 1.61677E+03	 3.02448E+04
 1.62110E+03	 3.03159E+04
 1.62542E+03	 3.03444E+04
 1.62975E+03	 3.03979E+04
 1.63407E+03	 3.04374E+04
 1.63840E+03	 3.05209E+04
 1.64271E+03	 3.05778E+04
 1.64703E+03	 3.06313E+04
 1.65135E+03	 3.06635E+04
 1.65566E+03	 3.07515E+04
 1.65997E+03	 3.07828E+04
 1.66428E+03	 3.08305E+04
 1.66858E+03	 3.08903E+04
 1.67289E+03	 3.09430E+04
 1.67719E+03	 3.10271E+04
 1.68149E+03	 3.10608E+04
 1.68578E+03	 3.11269E+04
 1.69008E+03	 3.11881E+04
 1.69437E+03	 3.12196E+04
 1.69866E+03	 3.12650E+04
 1.70295E+03	 3.13013E+04
 1.70723E+03	 3.13745E+04
 1.71152E+03	 3.14326E+04
 1.71580E+03	 3.14834E+04
 1.72008E+03	 3.15598E+04
 1.72435E+03	 3.16260E+04
 1.72863E+03	 3.16390E+04
 1.73290E+03	 3.17144E+04
 1.73717E+03	 3.17480E+04
 1.74144E+03	 3.18198E+04
 1.74570E+03	 3.18668E+04
 1.74997E+03	 3.19438E+04
 1.75423E+03	 3.19746E+04
 1.75849E+03	 3.20596E+04
 1.76274E+03	 3.21161E+04
 1.76700E+03	 3.21524E+04
 1.77125E+03	 3.22301E+04
 1.77550E+03	 3.22533E+04
 1.77975E+03	 3.23013E+04
 1.78399E+03	 3.23739E+04
 1.78824E+03	 3.24229E+04
 1.79248E+03	 3.24230E+04
 1.79672E+03	 3.25351E+04
 1.80095E+03	 3.25609E+04
 1.80519E+03	 3.26408E+04
 1.80942E+03	 3.26611E+04
 1.81365E+03	 3.27428E+04
 1.81788E+03	 3.27805E+04
 1.82211E+03	 3.28675E+04
 1.82633E+03	 3.28905E+04
 1.83055E+03	 3.29675E+04
 1.83477E+03	 3.29874E+04
 1.83899E+03	 3.30891E+04
 1.84320E+03	 3.31353E+04
 1.84742E+03	 3.31969E+04
 1.85163E+03	 3.32473E+04
 1.85584E+03	 3.32745E+04
 1.86004E+03	 3.33526E+04
 1.86425E+03	 3.33765E+04
 1.86845E+03	 3.34404E+04
 1.87265E+03	 3.35039E+04
 1.87685E+03	 3.35370E+04
 1.88104E+03	 3.36086E+04
 1.88524E+03	 3.36524E+04
 1.88943E+03	 3.37085E+04
 1.89362E+03	 3.37389E+04
 1.89780E+03	 3.38053E+04
 1.90199E+03	 3.38893E+04
 1.90617E+03	 3.39209E+04
 1.91035E+03	 3.39473E+04
 1.91453E+03	 3.39921E+04
 1.91871E+03	 3.40915E+04
 1.92288E+03	 3.41600E+04
 1.92705E+03	 3.41881E+04
 1.93122E+03	 3.42601E+04
 1.93539E+03	 3.43165E+04
 1.93956E+03	 3.43990E+04
 1.94372E+03	 3.44163E+04
 1.94788E+03	 3.44804E+04
 1.95204E+03	 3.45418E+04
 1.95620E+03	 3.45789E+04
 1.96035E+03	 3.46696E+04
 1.96451E+03	 3.47384E+04
 1.96866E+03	 3.47601E+04
 1.97280E+03	 3.48073E+04
 1.97695E+03	 3.48895E+04
 1.98110E+03	 3.49540E+04
 1.98524E+03	 3.50305E+04
 1.98938E+03	 3.50084E+04
 1.99352E+03	 3.50843E+04
 1.99765E+03	 3.51369E+04
 2.00179E+03	 3.52215E+04
 2.00592E+03	 3.52481E+04
 2.01005E+03	 3.53168E+04
 2.01417E+03	 3.53554E+04
 2.01830E+03	 3.54486E+04
 2.02242E+03	 3.55134E+04
 2.02654E+03	 3.55678E+04
 2.03066E+03	 3.56274E+04
 2.03478E+03	 3.56695E+04
 2.03889E+03	 3.57394E+04
 2.04301E+03	 3.58155E+04
 2.04712E+03	 3.58558E+04
 2.05123E+03	 3.59249E+04
 2.05533E+03	 3.59596E+04
 2.05944E+03	 3.60709E+04
 2.06354E+03	 3.60978E+04
 2.06764E+03	 3.61069E+04
 2.07174E+03	 3.61930E+04
 2.07583E+03	 3.62149E+04
 2.07993E+03	 3.62980E+04
 2.08402E+03	 3.63261E+04
 2.08811E+03	 3.64111E+04
 2.09219E+03	 3.64173E+04
 2.09628E+03	 3.64828E+04
 2.10036E+03	 3.65279E+04
 2.10444E+03	 3.66013E+04
 2.10852E+03	 3.66759E+04
 2.11260E+03	 3.66433E+04
 2.11668E+03	 3.67330E+04
 2.12075E+03	 3.68224E+04
 2.12482E+03	 3.68918E+04
 2.12889E+03	 3.69470E+04
 2.13296E+03	 3.69646E+04
 2.13702E+03	 3.70280E+04
 2.14108E+03	 3.70774E+04
 2.14514E+03	 3.71530E+04
 2.14920E+03	 3.71846E+04
 2.15326E+03	 3.72800E+04
 2.15731E+03	 3.72821E+04
 2.16137E+03	 3.73733E+04
 2.16542E+03	 3.74533E+04
 2.16946E+03	 3.74549E+04
 2.17351E+03	 3.74478E+04
 2.17755E+03	 3.75544E+04
 2.18160E+03	 3.75641E+04
 2.18564E+03	 3.76409E+04
 2.18967E+03	 3.76738E+04
 2.19371E+03	 3.77120E+04
 2.19774E+03	 3.77704E+04
 2.20178E+03	 3.77998E+04
 2.20581E+03	 3.78500E+04
 2.20983E+03	 3.79253E+04
 2.21386E+03	 3.79414E+04
 2.21788E+03	 3.79788E+04
 2.22190E+03	 3.80434E+04
 2.22592E+03	 3.80829E+04
 2.22994E+03	 3.81161E+04
 2.23396E+03	 3.81674E+04
 2.23797E+03	 3.82499E+04
 2.24198E+03	 3.82263E+04
 2.24599E+03	 3.82836E+04
 2.25000E+03	 3.83683E+04
 2.25401E+03	 3.84055E+04
 2.25801E+03	 3.85009E+04
 2.26201E+03	 3.85114E+04
 2.26601E+03	 3.85269E+04
 2.27001E+03	 3.85771E+04
 2.27400E+03	 3.86389E+04
 2.27800E+03	 3.86993E+04
 2.28199E+03	 3.87545E+04
 2.28598E+03	 3.87640E+04
 2.28996E+03	 3.88300E+04
 2.29395E+03	 3.88936E+04
 2.29793E+03	 3.89096E+04
 2.30191E+03	 3.89691E+04
 2.30589E+03	 3.89825E+04
 2.30987E+03	 3.90981E+04
 2.31384E+03	 3.91055E+04
 2.31782E+03	 3.91869E+04
 2.32179E+03	 3.92145E+04
 2.32576E+03	 3.92286E+04
 2.32973E+03	 3.93170E+04
 2.33369E+03	 3.93481E+04
 2.33765E+03	 3.94001E+04
 2.34162E+03	 3.94191E+04
 2.34557E+03	 3.95085E+04
 2.34953E+03	 3.95513E+04
 2.35349E+03	 3.96184E+04
 2.35744E+03	 3.96999E+04
 2.36139E+03	 3.97260E+04
 2.36534E+03	 3.97539E+04
 2.36929E+03	 3.98144E+04
 2.37323E+03	 3.98678E+04
 2.37718E+03	 3.99214E+04
 2.38112E+03	 3.99438E+04
 2.38506E+03	 4.00628E+04
 2.38900E+03	 4.00578E+04
 2.39293E+03	 4.01186E+04
 2.39686E+03	 4.01793E+04
 2.40080E+03	 4.01875E+04
 2.40473E+03	 4.02450E+04
 2.40865E+03	 4.03234E+04
 2.41258E+03	 4.03564E+04
 2.41650E+03	 4.03844E+04
 2.42042E+03	 4.04675E+04
 2.42434E+03	 4.04919E+04
 2.42826E+03	 4.05726E+04
 2.43218E+03	 4.06161E+04
 2.43609E+03	 4.06725E+04
 2.44000E+03	 4.07271E+04
 2.44391E+03	 4.07574E+04
 2.44782E+03	 4.08578E+04
 2.45173E+03	 4.09051E+04
 2.45563E+03	 4.09716E+04
 2.45953E+03	 4.10364E+04
 2.46343E+03	 4.10628E+04
 2.46733E+03	 4.11656E+04
 2.47123E+03	 4.12056E+04
 2.47512E+03	 4.12294E+04
 2.47902E+03	 4.13000E+04
 2.48291E+03	 4.13720E+04
 2.48679E+03	 4.13893E+04
 2.49068E+03	 4.14640E+04
 2.49457E+03	 4.15179E+04
 2.49845E+03	 4.15596E+04
 2.50233E+03	 4.16248E+04
 2.50621E+03	 4.16940E+04
 2.51008E+03	 4.17509E+04
 2.51396E+03	 4.18046E+04
 2.51783E+03	 4.18358E+04
 2.52170E+03	 4.19461E+04
 2.52557E+03	 4.19858E+04
 2.52944E+03	 4.20539E+04
 2.53331E+03	 4.20904E+04
 2.53717E+03	 4.21904E+04
 2.54103E+03	 4.22078E+04
 2.54489E+03	 4.23014E+04
 2.54875E+03	 4.23003E+04
 2.55260E+03	 4.24089E+04
 2.55646E+03	 4.24404E+04
 2.56031E+03	 4.25033E+04
 2.56416E+03	 4.25303E+04
 2.56801E+03	 4.26546E+04
 2.57185E+03	 4.26771E+04
 2.57570E+03	 4.27658E+04
 2.57954E+03	 4.28011E+04
 2.58338E+03	 4.28880E+04
 2.58722E+03	 4.29243E+04
 2.59105E+03	 4.29385E+04
 2.59489E+03	 4.30186E+04
 2.59872E+03	 4.30713E+04
 2.60255E+03	 4.31318E+04
 2.60638E+03	 4.31831E+04
 2.61021E+03	 4.32764E+04
 2.61403E+03	 4.33666E+04
 2.61786E+03	 4.33835E+04
 2.62168E+03	 4.34489E+04
 2.62550E+03	 4.35119E+04
 2.62932E+03	 4.35274E+04
 2.63313E+03	 4.36034E+04
 2.63695E+03	 4.36528E+04
 2.64076E+03	 4.37501E+04
 2.64457E+03	 4.38124E+04
 2.64838E+03	 4.38209E+04
 2.65218E+03	 4.38663E+04
 2.65599E+03	 4.39475E+04
 2.65979E+03	 4.40616E+04
 2.66359E+03	 4.41061E+04
 2.66739E+03	 4.41744E+04
 2.67118E+03	 4.42276E+04
 2.67498E+03	 4.43383E+04
 2.67877E+03	 4.43961E+04
 2.68256E+03	 4.44263E+04
 2.68635E+03	 4.45066E+04
 2.69014E+03	 4.45176E+04
 2.69393E+03	 4.46335E+04
 2.69771E+03	 4.46853E+04
 2.70149E+03	 4.47325E+04
 2.70527E+03	 4.47893E+04
 2.70905E+03	 4.48705E+04
 2.71283E+03	 4.48923E+04
 2.71660E+03	 4.49719E+04
 2.72037E+03	 4.50245E+04
 2.72414E+03	 4.50748E+04
 2.72791E+03	 4.51525E+04
 2.73168E+03	 4.52609E+04
 2.73544E+03	 4.52940E+04
 2.73921E+03	 4.53441E+04
 2.74297E+03	 4.54154E+04
 2.74673E+03	 4.55033E+04
 2.75049E+03	 4.55544E+04
 2.75424E+03	 4.56108E+04
 2.75800E+03	 4.56829E+04
 2.76175E+03	 4.57040E+04
 2.76550E+03	 4.58159E+04
 2.76925E+03	 4.58958E+04
 2.77299E+03	 4.59313E+04
 2.77674E+03	 4.60235E+04
 2.78048E+03	 4.60864E+04
 2.78422E+03	 4.61071E+04
 2.78796E+03	 4.61811E+04
 2.79170E+03	 4.62838E+04
 2.79544E+03	 4.63230E+04
 2.79917E+03	 4.63883E+04
 2.80290E+03	 4.64705E+04
 2.80663E+03	 4.64693E+04
 2.81036E+03	 4.65805E+04
 2.81409E+03	 4.66440E+04
 2.81781E+03	 4.67025E+04
 2.82153E+03	 4.67925E+04
 2.82525E+03	 4.67976E+04
 2.82897E+03	 4.68983E+04
 2.83269E+03	 4.69646E+04
 2.83641E+03	 4.70319E+04
 2.84012E+03	 4.70775E+04
 2.84383E+03	 4.71896E+04
 2.84754E+03	 4.72608E+04
 2.85125E+03	 4.72864E+04
 2.85496E+03	 4.73919E+04
 2.85866E+03	 4.74264E+04
 2.86236E+03	 4.75079E+04
 2.86606E+03	 4.75261E+04
 2.86976E+03	 4.76188E+04
 2.87346E+03	 4.76941E+04
 2.87716E+03	 4.77665E+04
 2.88085E+03	 4.78113E+04
 2.88454E+03	 4.79105E+04
 2.88823E+03	 4.79718E+04
 2.89192E+03	 4.79865E+04
 2.89561E+03	 4.80563E+04
 2.89929E+03	 4.81175E+04
 2.90297E+03	 4.82316E+04
 2.90666E+03	 4.82708E+04
 2.91033E+03	 4.83409E+04
 2.91401E+03	 4.84339E+04
 2.91769E+03	 4.85014E+04
 2.92136E+03	 4.85516E+04
 2.92503E+03	 4.86299E+04
 2.92870E+03	 4.86931E+04
 2.93237E+03	 4.87685E+04
 2.93604E+03	 4.88113E+04
 2.93970E+03	 4.88670E+04
 2.94337E+03	 4.89555E+04
 2.94703E+03	 4.90058E+04
 2.95069E+03	 4.90903E+04
 2.95435E+03	 4.91773E+04
 2.95800E+03	 4.92509E+04
 2.96166E+03	 4.92526E+04
 2.96531E+03	 4.93840E+04
 2.96896E+03	 4.94300E+04
 2.97261E+03	 4.95426E+04
 2.97626E+03	 4.96124E+04
 2.97990E+03	 4.96663E+04
 2.98354E+03	 4.96934E+04
 2.98719E+03	 4.97713E+04
 2.99083E+03	 4.98336E+04
 2.99446E+03	 4.99410E+04
 2.99810E+03	 5.00078E+04
 3.00174E+03	 5.00673E+04
 3.00537E+03	 5.01670E+04
 3.00900E+03	 5.02136E+04
 3.01263E+03	 5.02418E+04
 3.01626E+03	 5.02661E+04
 3.01988E+03	 5.03660E+04
 3.02351E+03	 5.04668E+04
 3.02713E+03	 5.05340E+04
 3.03075E+03	 5.05571E+04
 3.03437E+03	 5.06668E+04
 3.03799E+03	 5.06771E+04
 3.04160E+03	 5.07405E+04
 3.04521E+03	 5.08028E+04
 3.04883E+03	 5.08495E+04
 3.05244E+03	 5.09351E+04
 3.05605E+03	 5.09906E+04
 3.05965E+03	 5.10303E+04
 3.06326E+03	 5.11091E+04
 3.06686E+03	 5.11878E+04
 3.07046E+03	 5.11954E+04
 3.07406E+03	 5.12866E+04
 3.07766E+03	 5.13661E+04
 3.08125E+03	 5.14021E+04
 3.08485E+03	 5.14743E+04
 3.08844E+03	 5.15348E+04
 3.09203E+03	 5.15969E+04
 3.09562E+03	 5.16986E+04
 3.09921E+03	 5.17253E+04
 3.10280E+03	 5.17850E+04
 3.10638E+03	 5.18480E+04
 3.10996E+03	 5.19344E+04
 3.11354E+03	 5.20121E+04
 3.11712E+03	 5.20570E+04
 3.12070E+03	 5.21389E+04
 3.12427E+03	 5.21914E+04
 3.12785E+03	 5.22640E+04
 3.13142E+03	 5.23541E+04
 3.13499E+03	 5.23641E+04
 3.13856E+03	 5.24384E+04
 3.14212E+03	 5.25474E+04
 3.14569E+03	 5.25755E+04
 3.14925E+03	 5.26499E+04
 3.15281E+03	 5.26871E+04
 3.15637E+03	 5.27641E+04
 3.15993E+03	 5.28294E+04
 3.16349E+03	 5.29436E+04
 3.16704E+03	 5.29855E+04
 3.17060E+03	 5.30841E+04
 3.17415E+03	 5.31239E+04
 3.17770E+03	 5.31869E+04
 3.18124E+03	 5.32663E+04
 3.18479E+03	 5.33373E+04
 3.18834E+03	 5.33848E+04
 3.19188E+03	 5.34874E+04
 3.19542E+03	 5.35379E+04
 3.19896E+03	 5.35980E+04
 3.20250E+03	 5.36625E+04
 3.20603E+03	 5.37374E+04
 3.20957E+03	 5.38240E+04
 3.21310E+03	 5.38589E+04
 3.21663E+03	 5.39271E+04
 3.22016E+03	 5.39716E+04
 3.22369E+03	 5.40614E+04
 3.22721E+03	 5.41711E+04
 3.23074E+03	 5.41644E+04
 3.23426E+03	 5.42698E+04
 3.23778E+03	 5.43366E+04
 3.24130E+03	 5.43564E+04
 3.24481E+03	 5.44801E+04
 3.24833E+03	 5.45661E+04
 3.25184E+03	 5.45899E+04
 3.25536E+03	 5.46359E+04
 3.25887E+03	 5.47244E+04
 3.26238E+03	 5.47623E+04
 3.26588E+03	 5.48564E+04
 3.26939E+03	 5.49429E+04
 3.27289E+03	 5.49830E+04
 3.27639E+03	 5.50693E+04
 3.27989E+03	 5.51118E+04
 3.28339E+03	 5.52088E+04
 3.28689E+03	 5.52563E+04
 3.29039E+03	 5.53265E+04
 3.29388E+03	 5.53764E+04
 3.29737E+03	 5.54415E+04
 3.30086E+03	 5.55415E+04
 3.30435E+03	 5.56051E+04
 3.30784E+03	 5.56580E+04
 3.31132E+03	 5.56719E+04
 3.31481E+03	 5.57703E+04
 3.31829E+03	 5.58298E+04
 3.32177E+03	 5.58746E+04
 3.32525E+03	 5.59471E+04
 3.32873E+03	 5.59644E+04
 3.33220E+03	 5.60924E+04
 3.33567E+03	 5.61294E+04
 3.33915E+03	 5.62128E+04
 3.34262E+03	 5.62349E+04
 3.34609E+03	 5.62996E+04
 3.34955E+03	 5.63359E+04
 3.35302E+03	 5.64140E+04
 3.35648E+03	 5.65005E+04
 3.35994E+03	 5.65438E+04
 3.36341E+03	 5.65865E+04
 3.36686E+03	 5.66548E+04
 3.37032E+03	 5.67095E+04
 3.37378E+03	 5.67654E+04
 3.37723E+03	 5.67795E+04
 3.38068E+03	 5.68553E+04
 3.38413E+03	 5.69438E+04
 3.38758E+03	 5.70131E+04
 3.39103E+03	 5.70568E+04
 3.39448E+03	 5.70868E+04
 3.39792E+03	 5.71681E+04
 3.40136E+03	 5.71924E+04
 3.40480E+03	 5.72381E+04
 3.40824E+03	 5.72884E+04
 3.41168E+03	 5.73886E+04
 3.41512E+03	 5.74750E+04
 3.41855E+03	 5.74939E+04
 3.42198E+03	 5.75358E+04
 3.42541E+03	 5.76306E+04
 3.42884E+03	 5.76714E+04
 3.43227E+03	 5.77054E+04
 3.43570E+03	 5.78173E+04
 3.43912E+03	 5.78865E+04
 3.44254E+03	 5.78838E+04
 3.44597E+03	 5.79526E+04
 3.44939E+03	 5.80236E+04
 3.45280E+03	 5.80693E+04
 3.45622E+03	 5.81098E+04
 3.45963E+03	 5.81754E+04
 3.46305E+03	 5.82479E+04
 3.46646E+03	 5.83088E+04
 3.46987E+03	 5.83958E+04
 3.47328E+03	 5.84236E+04
 3.47668E+03	 5.84965E+04
 3.48009E+03	 5.85958E+04
 3.48349E+03	 5.86478E+04
 3.48689E+03	 5.86918E+04
 3.49029E+03	 5.87705E+04
 3.49369E+03	 5.88431E+04
 3.49709E+03	 5.88978E+04
 3.50049E+03	 5.88764E+04
 3.50388E+03	 5.89761E+04
 3.50727E+03	 5.90203E+04
 3.51066E+03	 5.90838E+04
 3.51405E+03	 5.91193E+04
 3.51744E+03	 5.91954E+04
 3.52082E+03	 5.91993E+04
 3.52421E+03	 5.92879E+04
 3.52759E+03	 5.92795E+04
 3.53097E+03	 5.93853E+04
 3.53435E+03	 5.94309E+04
 3.53773E+03	 5.94285E+04
 3.54110E+03	 5.95433E+04
 3.54448E+03	 5.95703E+04
 3.54785E+03	 5.96143E+04
 3.55122E+03	 5.96851E+04
 3.55459E+03	 5.97626E+04
 3.55796E+03	 5.98119E+04
 3.56133E+03	 5.98539E+04
 3.56469E+03	 5.99093E+04
 3.56806E+03	 5.99838E+04
 3.57142E+03	 6.00213E+04
 3.57478E+03	 6.00671E+04
 3.57814E+03	 6.01123E+04
 3.58149E+03	 6.01438E+04
 3.58485E+03	 6.02219E+04
 3.58820E+03	 6.02674E+04
 3.59156E+03	 6.03121E+04
 3.59491E+03	 6.03558E+04
 3.59826E+03	 6.04345E+04
 3.60160E+03	 6.04270E+04
 3.60495E+03	 6.05029E+04
 3.60829E+03	 6.05314E+04
 3.61164E+03	 6.05981E+04
 3.61498E+03	 6.06333E+04
 3.61832E+03	 6.06900E+04
 3.62166E+03	 6.07381E+04
 3.62499E+03	 6.07710E+04
 3.62833E+03	 6.08286E+04
 3.63166E+03	 6.08440E+04
 3.63499E+03	 6.08836E+04
 3.63832E+03	 6.09514E+04
 3.64165E+03	 6.09655E+04
 3.64498E+03	 6.10031E+04
 3.64831E+03	 6.10508E+04
 3.65163E+03	 6.11420E+04
 3.65495E+03	 6.11465E+04
 3.65827E+03	 6.11768E+04
 3.66159E+03	 6.12543E+04
 3.66491E+03	 6.12746E+04
 3.66823E+03	 6.13174E+04
 3.67154E+03	 6.13359E+04
 3.67485E+03	 6.13779E+04
 3.67817E+03	 6.14609E+04
 3.68148E+03	 6.14680E+04
 3.68478E+03	 6.15409E+04
 3.68809E+03	 6.15256E+04
 3.69140E+03	 6.15746E+04
 3.69470E+03	 6.16235E+04
 3.69800E+03	 6.16704E+04
 3.70130E+03	 6.17065E+04
 3.70460E+03	 6.17321E+04
 3.70790E+03	 6.17850E+04
 3.71120E+03	 6.18210E+04
 3.71449E+03	 6.18458E+04
 3.71778E+03	 6.18655E+04
 3.72108E+03	 6.19003E+04
 3.72437E+03	 6.19418E+04
 3.72765E+03	 6.19840E+04
 3.73094E+03	 6.19713E+04
 3.73423E+03	 6.20320E+04
 3.73751E+03	 6.20576E+04
 3.74079E+03	 6.20941E+04
 3.74407E+03	 6.21425E+04
 3.74735E+03	 6.21949E+04
 3.75063E+03	 6.22706E+04
 3.75391E+03	 6.22269E+04
 3.75718E+03	 6.22823E+04
 3.76045E+03	 6.23238E+04
 3.76373E+03	 6.23654E+04
 3.76700E+03	 6.23821E+04
 3.77026E+03	 6.24016E+04
 3.77353E+03	 6.24283E+04
 3.77680E+03	 6.24268E+04
 3.78006E+03	 6.24798E+04
 3.78332E+03	 6.25268E+04
 3.78658E+03	 6.25510E+04
 3.78984E+03	 6.25821E+04
 3.79310E+03	 6.26045E+04
 3.79636E+03	 6.26283E+04
 3.79961E+03	 6.26609E+04
 3.80287E+03	 6.26863E+04
 3.80612E+03	 6.27086E+04
 3.80937E+03	 6.27323E+04
 3.81262E+03	 6.27754E+04
 3.81586E+03	 6.27888E+04
 3.81911E+03	 6.28044E+04
 3.82235E+03	 6.28551E+04
 3.82560E+03	 6.28615E+04
 3.82884E+03	 6.29153E+04
 3.83208E+03	 6.29434E+04
 3.83532E+03	 6.29666E+04
 3.83855E+03	 6.29930E+04
 3.84179E+03	 6.30448E+04
 3.84502E+03	 6.30499E+04
 3.84825E+03	 6.30695E+04
 3.85148E+03	 6.30821E+04
 3.85471E+03	 6.31261E+04
 3.85794E+03	 6.31351E+04
 3.86117E+03	 6.31910E+04
 3.86439E+03	 6.31816E+04
 3.86762E+03	 6.32218E+04
 3.87084E+03	 6.32545E+04
 3.87406E+03	 6.32471E+04
 3.87728E+03	 6.32830E+04
 3.88049E+03	 6.33189E+04
 3.88371E+03	 6.33365E+04
 3.88692E+03	 6.33758E+04
 3.89014E+03	 6.33891E+04
 3.89335E+03	 6.34131E+04
 3.89656E+03	 6.34275E+04
 3.89977E+03	 6.34654E+04
 3.90297E+03	 6.34981E+04
 3.90618E+03	 6.35311E+04
 3.90938E+03	 6.35263E+04
 3.91258E+03	 6.35648E+04
 3.91579E+03	 6.36039E+04
 3.91898E+03	 6.35994E+04
 3.92218E+03	 6.36340E+04
 3.92538E+03	 6.36464E+04
 3.92857E+03	 6.36806E+04
 3.93177E+03	 6.36994E+04
 3.93496E+03	 6.37224E+04
 3.93815E+03	 6.37284E+04
 3.94134E+03	 6.37625E+04
 3.94453E+03	 6.37625E+04
 3.94771E+03	 6.38058E+04
 3.95090E+03	 6.37876E+04
 3.95408E+03	 6.38186E+04
 3.95726E+03	 6.38551E+04
 3.96044E+03	 6.38688E+04
 3.96362E+03	 6.38848E+04
 3.96680E+03	 6.38950E+04
 3.96997E+03	 6.39153E+04
 3.97315E+03	 6.39265E+04
 3.97632E+03	 6.39468E+04
 3.97949E+03	 6.39648E+04
 3.98266E+03	 6.39730E+04
 3.98583E+03	 6.39864E+04
 3.98900E+03	 6.40068E+04
 3.99216E+03	 6.40229E+04
 3.99533E+03	 6.40266E+04
 3.99849E+03	 6.40516E+04
 4.00165E+03	 6.40605E+04
 4.00481E+03	 6.40733E+04
 4.00797E+03	 6.40891E+04
 4.01113E+03	 6.40895E+04
 4.01428E+03	 6.41301E+04
 4.01744E+03	 6.41328E+04
 4.02059E+03	 6.41545E+04
 4.02374E+03	 6.41596E+04
 4.02689E+03	 6.41791E+04
 4.03004E+03	 6.41799E+04
 4.03318E+03	 6.42011E+04
 4.03633E+03	 6.42104E+04
 4.03947E+03	 6.42215E+04
 4.04262E+03	 6.42180E+04
 4.04576E+03	 6.42206E+04
 4.04890E+03	 6.42251E+04
 4.05203E+03	 6.42213E+04
 4.05517E+03	 6.42281E+04
 4.05831E+03	 6.41970E+04
 4.06144E+03	 6.33985E+04
