-1.03034E+02	 3.37375E+03
-9.77694E+01	 3.42425E+03
-9.25079E+01	 3.46663E+03
-8.72494E+01	 3.51675E+03
-8.19938E+01	 3.55700E+03
-7.67412E+01	 3.60513E+03
-7.14916E+01	 3.63975E+03
-6.62450E+01	 3.69563E+03
-6.10013E+01	 3.73075E+03
-5.57605E+01	 3.78150E+03
-5.05228E+01	 3.82013E+03
-4.52879E+01	 3.88338E+03
-4.00561E+01	 3.91063E+03
-3.48271E+01	 3.96625E+03
-2.96012E+01	 4.00938E+03
-2.43781E+01	 4.04838E+03
-1.91580E+01	 4.11075E+03
-1.39409E+01	 4.15463E+03
-8.72666E+00	 4.20788E+03
-3.51538E+00	 4.25688E+03
 1.69298E+00	 4.30563E+03
 6.89840E+00	 4.35438E+03
 1.21009E+01	 4.40163E+03
 1.73005E+01	 4.44388E+03
 2.24971E+01	 4.50875E+03
 2.76908E+01	 4.56438E+03
 3.28816E+01	 4.61125E+03
 3.80695E+01	 4.68038E+03
 4.32545E+01	 4.71263E+03
 4.84366E+01	 4.78325E+03
 5.36157E+01	 4.82363E+03
 5.87920E+01	 4.88400E+03
 6.39653E+01	 4.93750E+03
 6.91358E+01	 4.99400E+03
 7.43033E+01	 5.03038E+03
 7.94680E+01	 5.09288E+03
 8.46297E+01	 5.15825E+03
 8.97886E+01	 5.20138E+03
 9.49446E+01	 5.26288E+03
 1.00098E+02	 5.32100E+03
 1.05248E+02	 5.37225E+03
 1.10395E+02	 5.43525E+03
 1.15540E+02	 5.47950E+03
 1.20681E+02	 5.56850E+03
 1.25820E+02	 5.61138E+03
 1.30956E+02	 5.66350E+03
 1.36089E+02	 5.72613E+03
 1.41219E+02	 5.77925E+03
 1.46346E+02	 5.84375E+03
 1.51470E+02	 5.91950E+03
 1.56592E+02	 5.97275E+03
 1.61710E+02	 6.04075E+03
 1.66826E+02	 6.09875E+03
 1.71939E+02	 6.15513E+03
 1.77049E+02	 6.22138E+03
 1.82156E+02	 6.28838E+03
 1.87260E+02	 6.35975E+03
 1.92362E+02	 6.42475E+03
 1.97461E+02	 6.48275E+03
 2.02556E+02	 6.54850E+03
 2.07649E+02	 6.61813E+03
 2.12739E+02	 6.70500E+03
 2.17827E+02	 6.74638E+03
 2.22911E+02	 6.82475E+03
 2.27993E+02	 6.89575E+03
 2.33072E+02	 6.94800E+03
 2.38148E+02	 7.01663E+03
 2.43221E+02	 7.09063E+03
 2.48291E+02	 7.14638E+03
 2.53359E+02	 7.22863E+03
 2.58423E+02	 7.26913E+03
 2.63485E+02	 7.34563E+03
 2.68544E+02	 7.44088E+03
 2.73600E+02	 7.49563E+03
 2.78654E+02	 7.56325E+03
 2.83704E+02	 7.64375E+03
 2.88752E+02	 7.71563E+03
 2.93797E+02	 7.79825E+03
 2.98840E+02	 7.86363E+03
 3.03879E+02	 7.93250E+03
 3.08916E+02	 8.01100E+03
 3.13949E+02	 8.07250E+03
 3.18980E+02	 8.16388E+03
 3.24009E+02	 8.24075E+03
 3.29034E+02	 8.31275E+03
 3.34057E+02	 8.39838E+03
 3.39077E+02	 8.46650E+03
 3.44094E+02	 8.56463E+03
 3.49108E+02	 8.61850E+03
 3.54120E+02	 8.70188E+03
 3.59129E+02	 8.77463E+03
 3.64135E+02	 8.86863E+03
 3.69138E+02	 8.92338E+03
 3.74138E+02	 9.01425E+03
 3.79136E+02	 9.09063E+03
 3.84131E+02	 9.17388E+03
 3.89123E+02	 9.23738E+03
 3.94113E+02	 9.34213E+03
 3.99099E+02	 9.41125E+03
 4.04083E+02	 9.51213E+03
 4.09064E+02	 9.58863E+03
 4.14043E+02	 9.66900E+03
 4.19019E+02	 9.75525E+03
 4.23991E+02	 9.83200E+03
 4.28962E+02	 9.91300E+03
 4.33929E+02	 1.00045E+04
 4.38894E+02	 1.00868E+04
 4.43856E+02	 1.01655E+04
 4.48815E+02	 1.02629E+04
 4.53771E+02	 1.03605E+04
 4.58725E+02	 1.04361E+04
 4.63676E+02	 1.05308E+04
 4.68625E+02	 1.06141E+04
 4.73570E+02	 1.07158E+04
 4.78513E+02	 1.07986E+04
 4.83453E+02	 1.08671E+04
 4.88391E+02	 1.09638E+04
 4.93325E+02	 1.10533E+04
 4.98257E+02	 1.11389E+04
 5.03187E+02	 1.12283E+04
 5.08113E+02	 1.13138E+04
 5.13037E+02	 1.14316E+04
 5.17958E+02	 1.15090E+04
 5.22877E+02	 1.16086E+04
 5.27792E+02	 1.16893E+04
 5.32706E+02	 1.17875E+04
 5.37616E+02	 1.18884E+04
 5.42524E+02	 1.19804E+04
 5.47429E+02	 1.20878E+04
 5.52331E+02	 1.21543E+04
 5.57230E+02	 1.22801E+04
 5.62127E+02	 1.23579E+04
 5.67022E+02	 1.24521E+04
 5.71913E+02	 1.25585E+04
 5.76802E+02	 1.26559E+04
 5.81688E+02	 1.27571E+04
 5.86572E+02	 1.28520E+04
 5.91452E+02	 1.29649E+04
 5.96331E+02	 1.30354E+04
 6.01206E+02	 1.31444E+04
 6.06079E+02	 1.32430E+04
 6.10949E+02	 1.33234E+04
 6.15817E+02	 1.34335E+04
 6.20681E+02	 1.35299E+04
 6.25544E+02	 1.36316E+04
 6.30403E+02	 1.37265E+04
 6.35260E+02	 1.38294E+04
 6.40114E+02	 1.39410E+04
 6.44966E+02	 1.40588E+04
 6.49815E+02	 1.41478E+04
 6.54661E+02	 1.42439E+04
 6.59505E+02	 1.43528E+04
 6.64346E+02	 1.44429E+04
 6.69184E+02	 1.45485E+04
 6.74020E+02	 1.46325E+04
 6.78853E+02	 1.47543E+04
 6.83683E+02	 1.48686E+04
 6.88511E+02	 1.49421E+04
 6.93336E+02	 1.50575E+04
 6.98159E+02	 1.51565E+04
 7.02978E+02	 1.52850E+04
 7.07796E+02	 1.53778E+04
 7.12610E+02	 1.54949E+04
 7.17422E+02	 1.56046E+04
 7.22232E+02	 1.57271E+04
 7.27039E+02	 1.58201E+04
 7.31843E+02	 1.59084E+04
 7.36644E+02	 1.60444E+04
 7.41443E+02	 1.61359E+04
 7.46240E+02	 1.62646E+04
 7.51033E+02	 1.63640E+04
 7.55825E+02	 1.64963E+04
 7.60613E+02	 1.65558E+04
 7.65399E+02	 1.66906E+04
 7.70182E+02	 1.68115E+04
 7.74963E+02	 1.69198E+04
 7.79741E+02	 1.70173E+04
 7.84517E+02	 1.71271E+04
 7.89290E+02	 1.72273E+04
 7.94060E+02	 1.73690E+04
 7.98828E+02	 1.74798E+04
 8.03593E+02	 1.75709E+04
 8.08356E+02	 1.76836E+04
 8.13116E+02	 1.78029E+04
 8.17873E+02	 1.78920E+04
 8.22628E+02	 1.80249E+04
 8.27380E+02	 1.81299E+04
 8.32130E+02	 1.82411E+04
 8.36877E+02	 1.83379E+04
 8.41622E+02	 1.84764E+04
 8.46364E+02	 1.85664E+04
 8.51103E+02	 1.86973E+04
 8.55840E+02	 1.87928E+04
 8.60575E+02	 1.89139E+04
 8.65306E+02	 1.90226E+04
 8.70036E+02	 1.91145E+04
 8.74762E+02	 1.92345E+04
 8.79486E+02	 1.93304E+04
 8.84208E+02	 1.94290E+04
 8.88927E+02	 1.95491E+04
 8.93644E+02	 1.96511E+04
 8.98357E+02	 1.97536E+04
 9.03069E+02	 1.98518E+04
 9.07778E+02	 1.99681E+04
 9.12484E+02	 2.00759E+04
 9.17188E+02	 2.01616E+04
 9.21889E+02	 2.03000E+04
 9.26588E+02	 2.03775E+04
 9.31284E+02	 2.04911E+04
 9.35977E+02	 2.06151E+04
 9.40669E+02	 2.07225E+04
 9.45357E+02	 2.08195E+04
 9.50043E+02	 2.09241E+04
 9.54727E+02	 2.10298E+04
 9.59408E+02	 2.11301E+04
 9.64086E+02	 2.12388E+04
 9.68762E+02	 2.13514E+04
 9.73436E+02	 2.14524E+04
 9.78107E+02	 2.15484E+04
 9.82775E+02	 2.16679E+04
 9.87441E+02	 2.17386E+04
 9.92104E+02	 2.18241E+04
 9.96765E+02	 2.19575E+04
 1.00142E+03	 2.20319E+04
 1.00608E+03	 2.21594E+04
 1.01073E+03	 2.22446E+04
 1.01538E+03	 2.23386E+04
 1.02003E+03	 2.24500E+04
 1.02468E+03	 2.25351E+04
 1.02932E+03	 2.26214E+04
 1.03396E+03	 2.27339E+04
 1.03860E+03	 2.28104E+04
 1.04324E+03	 2.29038E+04
 1.04787E+03	 2.30073E+04
 1.05250E+03	 2.30610E+04
 1.05713E+03	 2.31505E+04
 1.06176E+03	 2.32453E+04
 1.06638E+03	 2.33499E+04
 1.07100E+03	 2.34294E+04
 1.07562E+03	 2.35171E+04
 1.08024E+03	 2.36009E+04
 1.08485E+03	 2.36716E+04
 1.08946E+03	 2.37393E+04
 1.09407E+03	 2.38328E+04
 1.09868E+03	 2.39090E+04
 1.10328E+03	 2.40134E+04
 1.10788E+03	 2.40648E+04
 1.11248E+03	 2.41483E+04
 1.11708E+03	 2.42249E+04
 1.12167E+03	 2.43059E+04
 1.12626E+03	 2.43435E+04
 1.13085E+03	 2.44381E+04
 1.13544E+03	 2.45084E+04
 1.14002E+03	 2.45474E+04
 1.14460E+03	 2.46520E+04
 1.14918E+03	 2.46764E+04
 1.15376E+03	 2.47810E+04
 1.15833E+03	 2.48113E+04
 1.16291E+03	 2.48598E+04
 1.16748E+03	 2.49355E+04
 1.17204E+03	 2.49810E+04
 1.17661E+03	 2.50533E+04
 1.18117E+03	 2.51443E+04
 1.18573E+03	 2.51970E+04
 1.19029E+03	 2.52511E+04
 1.19484E+03	 2.53065E+04
 1.19939E+03	 2.53725E+04
 1.20394E+03	 2.54048E+04
 1.20849E+03	 2.54921E+04
 1.21304E+03	 2.55635E+04
 1.21758E+03	 2.56111E+04
 1.22212E+03	 2.56569E+04
 1.22666E+03	 2.57350E+04
 1.23119E+03	 2.57734E+04
 1.23573E+03	 2.58170E+04
 1.24026E+03	 2.58945E+04
 1.24479E+03	 2.59268E+04
 1.24931E+03	 2.60240E+04
 1.25384E+03	 2.60628E+04
 1.25836E+03	 2.61100E+04
 1.26288E+03	 2.61584E+04
 1.26739E+03	 2.62246E+04
 1.27191E+03	 2.62626E+04
 1.27642E+03	 2.63321E+04
 1.28093E+03	 2.63524E+04
 1.28543E+03	 2.64480E+04
 1.28994E+03	 2.64709E+04
 1.29444E+03	 2.65291E+04
 1.29894E+03	 2.65911E+04
 1.30344E+03	 2.66395E+04
 1.30793E+03	 2.66333E+04
 1.31243E+03	 2.67149E+04
 1.31692E+03	 2.67741E+04
 1.32140E+03	 2.68516E+04
 1.32589E+03	 2.68706E+04
 1.33037E+03	 2.69454E+04
 1.33485E+03	 2.69730E+04
 1.33933E+03	 2.70398E+04
 1.34381E+03	 2.70795E+04
 1.34828E+03	 2.71369E+04
 1.35275E+03	 2.72024E+04
 1.35722E+03	 2.72475E+04
 1.36169E+03	 2.73115E+04
 1.36615E+03	 2.73333E+04
 1.37061E+03	 2.74251E+04
 1.37507E+03	 2.74826E+04
 1.37953E+03	 2.75343E+04
 1.38398E+03	 2.75830E+04
 1.38844E+03	 2.76143E+04
 1.39289E+03	 2.76803E+04
 1.39733E+03	 2.77275E+04
 1.40178E+03	 2.77501E+04
 1.40622E+03	 2.78264E+04
 1.41066E+03	 2.78656E+04
 1.41510E+03	 2.78891E+04
 1.41954E+03	 2.79325E+04
 1.42397E+03	 2.80166E+04
 1.42840E+03	 2.80513E+04
 1.43283E+03	 2.81051E+04
 1.43726E+03	 2.81610E+04
 1.44168E+03	 2.81744E+04
 1.44610E+03	 2.82530E+04
 1.45052E+03	 2.82775E+04
 1.45494E+03	 2.83685E+04
 1.45936E+03	 2.84041E+04
 1.46377E+03	 2.84891E+04
 1.46818E+03	 2.85579E+04
 1.47259E+03	 2.85760E+04
 1.47699E+03	 2.86276E+04
 1.48140E+03	 2.86955E+04
 1.48580E+03	 2.87576E+04
 1.49020E+03	 2.87996E+04
 1.49459E+03	 2.88749E+04
 1.49899E+03	 2.88963E+04
 1.50338E+03	 2.89735E+04
 1.50777E+03	 2.90276E+04
 1.51216E+03	 2.91069E+04
 1.51654E+03	 2.91196E+04
 1.52092E+03	 2.91755E+04
 1.52530E+03	 2.92313E+04
 1.52968E+03	 2.93069E+04
 1.53406E+03	 2.93408E+04
 1.53843E+03	 2.93980E+04
 1.54280E+03	 2.94355E+04
 1.54717E+03	 2.95118E+04
 1.55154E+03	 2.95458E+04
 1.55590E+03	 2.95864E+04
 1.56027E+03	 2.96491E+04
 1.56463E+03	 2.97200E+04
 1.56898E+03	 2.97520E+04
 1.57334E+03	 2.98408E+04
 1.57769E+03	 2.98584E+04
 1.58204E+03	 2.99148E+04
 1.58639E+03	 3.00050E+04
 1.59074E+03	 3.00625E+04
 1.59508E+03	 3.01148E+04
 1.59942E+03	 3.01181E+04
 1.60376E+03	 3.02220E+04
 1.60810E+03	 3.02541E+04
 1.61243E+03	 3.03090E+04
 1.61677E+03	 3.03679E+04
 1.62110E+03	 3.03825E+04
 1.62542E+03	 3.04848E+04
 1.62975E+03	 3.05433E+04
 1.63407E+03	 3.05428E+04
 1.63840E+03	 3.06325E+04
 1.64271E+03	 3.06650E+04
 1.64703E+03	 3.07166E+04
 1.65135E+03	 3.08041E+04
 1.65566E+03	 3.08204E+04
 1.65997E+03	 3.09179E+04
 1.66428E+03	 3.09566E+04
 1.66858E+03	 3.10286E+04
 1.67289E+03	 3.10825E+04
 1.67719E+03	 3.11381E+04
 1.68149E+03	 3.11863E+04
 1.68578E+03	 3.12074E+04
 1.69008E+03	 3.12641E+04
 1.69437E+03	 3.13310E+04
 1.69866E+03	 3.13898E+04
 1.70295E+03	 3.14529E+04
 1.70723E+03	 3.14979E+04
 1.71152E+03	 3.15626E+04
 1.71580E+03	 3.16151E+04
 1.72008E+03	 3.16590E+04
 1.72435E+03	 3.17141E+04
 1.72863E+03	 3.17826E+04
 1.73290E+03	 3.18463E+04
 1.73717E+03	 3.18679E+04
 1.74144E+03	 3.19201E+04
 1.74570E+03	 3.19683E+04
 1.74997E+03	 3.20590E+04
 1.75423E+03	 3.21033E+04
 1.75849E+03	 3.21533E+04
 1.76274E+03	 3.22368E+04
 1.76700E+03	 3.22648E+04
 1.77125E+03	 3.23388E+04
 1.77550E+03	 3.23650E+04
 1.77975E+03	 3.24418E+04
 1.78399E+03	 3.25136E+04
 1.78824E+03	 3.25390E+04
 1.79248E+03	 3.25798E+04
 1.79672E+03	 3.26474E+04
 1.80095E+03	 3.26715E+04
 1.80519E+03	 3.27440E+04
 1.80942E+03	 3.28004E+04
 1.81365E+03	 3.28478E+04
 1.81788E+03	 3.29103E+04
 1.82211E+03	 3.29626E+04
 1.82633E+03	 3.30601E+04
 1.83055E+03	 3.30973E+04
 1.83477E+03	 3.31468E+04
 1.83899E+03	 3.32073E+04
 1.84320E+03	 3.32411E+04
 1.84742E+03	 3.33131E+04
 1.85163E+03	 3.33746E+04
 1.85584E+03	 3.34248E+04
 1.86004E+03	 3.34904E+04
 1.86425E+03	 3.35230E+04
 1.86845E+03	 3.35860E+04
 1.87265E+03	 3.36384E+04
 1.87685E+03	 3.36754E+04
 1.88104E+03	 3.37121E+04
 1.88524E+03	 3.37718E+04
 1.88943E+03	 3.38111E+04
 1.89362E+03	 3.38616E+04
 1.89780E+03	 3.39251E+04
 1.90199E+03	 3.40049E+04
 1.90617E+03	 3.40309E+04
 1.91035E+03	 3.40883E+04
 1.91453E+03	 3.41360E+04
 1.91871E+03	 3.42009E+04
 1.92288E+03	 3.42545E+04
 1.92705E+03	 3.43105E+04
 1.93122E+03	 3.44300E+04
 1.93539E+03	 3.44870E+04
 1.93956E+03	 3.45029E+04
 1.94372E+03	 3.45433E+04
 1.94788E+03	 3.46333E+04
 1.95204E+03	 3.46820E+04
 1.95620E+03	 3.46923E+04
 1.96035E+03	 3.47945E+04
 1.96451E+03	 3.48863E+04
 1.96866E+03	 3.49285E+04
 1.97280E+03	 3.49403E+04
 1.97695E+03	 3.50081E+04
 1.98110E+03	 3.50898E+04
 1.98524E+03	 3.51245E+04
 1.98938E+03	 3.51764E+04
 1.99352E+03	 3.52123E+04
 1.99765E+03	 3.52979E+04
 2.00179E+03	 3.53851E+04
 2.00592E+03	 3.53978E+04
 2.01005E+03	 3.54704E+04
 2.01417E+03	 3.55078E+04
 2.01830E+03	 3.56110E+04
 2.02242E+03	 3.56409E+04
 2.02654E+03	 3.56833E+04
 2.03066E+03	 3.57930E+04
 2.03478E+03	 3.58299E+04
 2.03889E+03	 3.59080E+04
 2.04301E+03	 3.59489E+04
 2.04712E+03	 3.60060E+04
 2.05123E+03	 3.60628E+04
 2.05533E+03	 3.61066E+04
 2.05944E+03	 3.62046E+04
 2.06354E+03	 3.62341E+04
 2.06764E+03	 3.63025E+04
 2.07174E+03	 3.63384E+04
 2.07583E+03	 3.63898E+04
 2.07993E+03	 3.64686E+04
 2.08402E+03	 3.64756E+04
 2.08811E+03	 3.65506E+04
 2.09219E+03	 3.65661E+04
 2.09628E+03	 3.66306E+04
 2.10036E+03	 3.67105E+04
 2.10444E+03	 3.67245E+04
 2.10852E+03	 3.67865E+04
 2.11260E+03	 3.68354E+04
 2.11668E+03	 3.68970E+04
 2.12075E+03	 3.69656E+04
 2.12482E+03	 3.69983E+04
 2.12889E+03	 3.70826E+04
 2.13296E+03	 3.71031E+04
 2.13702E+03	 3.71741E+04
 2.14108E+03	 3.72180E+04
 2.14514E+03	 3.72939E+04
 2.14920E+03	 3.73546E+04
 2.15326E+03	 3.73943E+04
 2.15731E+03	 3.74660E+04
 2.16137E+03	 3.75228E+04
 2.16542E+03	 3.75780E+04
 2.16946E+03	 3.75866E+04
 2.17351E+03	 3.76379E+04
 2.17755E+03	 3.76926E+04
 2.18160E+03	 3.77149E+04
 2.18564E+03	 3.77388E+04
 2.18967E+03	 3.77996E+04
 2.19371E+03	 3.78570E+04
 2.19774E+03	 3.78816E+04
 2.20178E+03	 3.79678E+04
 2.20581E+03	 3.80225E+04
 2.20983E+03	 3.80168E+04
 2.21386E+03	 3.80978E+04
 2.21788E+03	 3.81410E+04
 2.22190E+03	 3.82110E+04
 2.22592E+03	 3.82298E+04
 2.22994E+03	 3.82626E+04
 2.23396E+03	 3.83038E+04
 2.23797E+03	 3.83853E+04
 2.24198E+03	 3.83938E+04
 2.24599E+03	 3.84504E+04
 2.25000E+03	 3.85001E+04
 2.25401E+03	 3.85966E+04
 2.25801E+03	 3.86070E+04
 2.26201E+03	 3.86546E+04
 2.26601E+03	 3.87001E+04
 2.27001E+03	 3.87756E+04
 2.27400E+03	 3.88008E+04
 2.27800E+03	 3.88215E+04
 2.28199E+03	 3.89088E+04
 2.28598E+03	 3.89421E+04
 2.28996E+03	 3.89756E+04
 2.29395E+03	 3.90104E+04
 2.29793E+03	 3.90849E+04
 2.30191E+03	 3.91170E+04
 2.30589E+03	 3.91471E+04
 2.30987E+03	 3.92128E+04
 2.31384E+03	 3.92456E+04
 2.31782E+03	 3.93455E+04
 2.32179E+03	 3.93650E+04
 2.32576E+03	 3.94140E+04
 2.32973E+03	 3.94560E+04
 2.33369E+03	 3.94946E+04
 2.33765E+03	 3.95604E+04
 2.34162E+03	 3.96203E+04
 2.34557E+03	 3.96126E+04
 2.34953E+03	 3.97238E+04
 2.35349E+03	 3.97903E+04
 2.35744E+03	 3.98280E+04
 2.36139E+03	 3.99020E+04
 2.36534E+03	 3.99028E+04
 2.36929E+03	 4.00029E+04
 2.37323E+03	 4.00205E+04
 2.37718E+03	 4.00890E+04
 2.38112E+03	 4.01173E+04
 2.38506E+03	 4.01690E+04
 2.38900E+03	 4.02456E+04
 2.39293E+03	 4.02869E+04
 2.39686E+03	 4.03220E+04
 2.40080E+03	 4.03488E+04
 2.40473E+03	 4.03946E+04
 2.40865E+03	 4.04815E+04
 2.41258E+03	 4.05204E+04
 2.41650E+03	 4.05704E+04
 2.42042E+03	 4.06059E+04
 2.42434E+03	 4.06706E+04
 2.42826E+03	 4.07091E+04
 2.43218E+03	 4.07943E+04
 2.43609E+03	 4.08435E+04
 2.44000E+03	 4.09195E+04
 2.44391E+03	 4.09600E+04
 2.44782E+03	 4.10394E+04
 2.45173E+03	 4.10834E+04
 2.45563E+03	 4.11386E+04
 2.45953E+03	 4.11723E+04
 2.46343E+03	 4.12213E+04
 2.46733E+03	 4.13073E+04
 2.47123E+03	 4.13635E+04
 2.47512E+03	 4.14176E+04
 2.47902E+03	 4.14689E+04
 2.48291E+03	 4.15103E+04
 2.48679E+03	 4.15645E+04
 2.49068E+03	 4.16314E+04
 2.49457E+03	 4.16593E+04
 2.49845E+03	 4.17265E+04
 2.50233E+03	 4.17956E+04
 2.50621E+03	 4.18709E+04
 2.51008E+03	 4.19114E+04
 2.51396E+03	 4.19554E+04
 2.51783E+03	 4.20104E+04
 2.52170E+03	 4.20775E+04
 2.52557E+03	 4.21320E+04
 2.52944E+03	 4.21823E+04
 2.53331E+03	 4.22504E+04
 2.53717E+03	 4.23379E+04
 2.54103E+03	 4.23790E+04
 2.54489E+03	 4.24570E+04
 2.54875E+03	 4.24765E+04
 2.55260E+03	 4.25556E+04
 2.55646E+03	 4.26268E+04
 2.56031E+03	 4.26973E+04
 2.56416E+03	 4.27184E+04
 2.56801E+03	 4.27629E+04
 2.57185E+03	 4.28730E+04
 2.57570E+03	 4.29348E+04
 2.57954E+03	 4.29376E+04
 2.58338E+03	 4.30336E+04
 2.58722E+03	 4.30788E+04
 2.59105E+03	 4.31719E+04
 2.59489E+03	 4.32064E+04
 2.59872E+03	 4.32541E+04
 2.60255E+03	 4.32926E+04
 2.60638E+03	 4.33509E+04
 2.61021E+03	 4.33989E+04
 2.61403E+03	 4.35214E+04
 2.61786E+03	 4.35436E+04
 2.62168E+03	 4.36051E+04
 2.62550E+03	 4.36498E+04
 2.62932E+03	 4.37149E+04
 2.63313E+03	 4.37636E+04
 2.63695E+03	 4.38370E+04
 2.64076E+03	 4.38960E+04
 2.64457E+03	 4.39743E+04
 2.64838E+03	 4.40169E+04
 2.65218E+03	 4.40839E+04
 2.65599E+03	 4.41211E+04
 2.65979E+03	 4.41826E+04
 2.66359E+03	 4.42811E+04
 2.66739E+03	 4.43649E+04
 2.67118E+03	 4.44093E+04
 2.67498E+03	 4.44739E+04
 2.67877E+03	 4.45610E+04
 2.68256E+03	 4.46091E+04
 2.68635E+03	 4.46743E+04
 2.69014E+03	 4.46959E+04
 2.69393E+03	 4.47608E+04
 2.69771E+03	 4.48120E+04
 2.70149E+03	 4.48945E+04
 2.70527E+03	 4.49343E+04
 2.70905E+03	 4.50646E+04
 2.71283E+03	 4.50763E+04
 2.71660E+03	 4.51680E+04
 2.72037E+03	 4.51839E+04
 2.72414E+03	 4.52668E+04
 2.72791E+03	 4.53105E+04
 2.73168E+03	 4.54481E+04
 2.73544E+03	 4.54336E+04
 2.73921E+03	 4.55179E+04
 2.74297E+03	 4.56130E+04
 2.74673E+03	 4.56830E+04
 2.75049E+03	 4.57314E+04
 2.75424E+03	 4.57859E+04
 2.75800E+03	 4.58841E+04
 2.76175E+03	 4.58891E+04
 2.76550E+03	 4.60000E+04
 2.76925E+03	 4.60449E+04
 2.77299E+03	 4.61119E+04
 2.77674E+03	 4.61551E+04
 2.78048E+03	 4.62801E+04
 2.78422E+03	 4.62904E+04
 2.78796E+03	 4.63709E+04
 2.79170E+03	 4.64484E+04
 2.79544E+03	 4.65014E+04
 2.79917E+03	 4.65868E+04
 2.80290E+03	 4.66174E+04
 2.80663E+03	 4.66963E+04
 2.81036E+03	 4.67456E+04
 2.81409E+03	 4.68335E+04
 2.81781E+03	 4.68553E+04
 2.82153E+03	 4.69699E+04
 2.82525E+03	 4.70276E+04
 2.82897E+03	 4.71041E+04
 2.83269E+03	 4.71479E+04
 2.83641E+03	 4.71868E+04
 2.84012E+03	 4.72674E+04
 2.84383E+03	 4.73608E+04
 2.84754E+03	 4.74038E+04
 2.85125E+03	 4.74790E+04
 2.85496E+03	 4.75554E+04
 2.85866E+03	 4.76000E+04
 2.86236E+03	 4.77111E+04
 2.86606E+03	 4.77686E+04
 2.86976E+03	 4.78038E+04
 2.87346E+03	 4.78465E+04
 2.87716E+03	 4.79363E+04
 2.88085E+03	 4.80101E+04
 2.88454E+03	 4.81164E+04
 2.88823E+03	 4.81573E+04
 2.89192E+03	 4.82309E+04
 2.89561E+03	 4.82558E+04
 2.89929E+03	 4.83361E+04
 2.90297E+03	 4.84321E+04
 2.90666E+03	 4.84695E+04
 2.91033E+03	 4.85523E+04
 2.91401E+03	 4.86383E+04
 2.91769E+03	 4.86835E+04
 2.92136E+03	 4.87423E+04
 2.92503E+03	 4.88228E+04
 2.92870E+03	 4.88873E+04
 2.93237E+03	 4.89370E+04
 2.93604E+03	 4.90098E+04
 2.93970E+03	 4.90796E+04
 2.94337E+03	 4.91725E+04
 2.94703E+03	 4.91979E+04
 2.95069E+03	 4.92811E+04
 2.95435E+03	 4.93986E+04
 2.95800E+03	 4.94413E+04
 2.96166E+03	 4.94636E+04
 2.96531E+03	 4.95783E+04
 2.96896E+03	 4.96419E+04
 2.97261E+03	 4.97263E+04
 2.97626E+03	 4.98263E+04
 2.97990E+03	 4.98776E+04
 2.98354E+03	 4.99376E+04
 2.98719E+03	 5.00060E+04
 2.99083E+03	 5.00638E+04
 2.99446E+03	 5.01481E+04
 2.99810E+03	 5.02164E+04
 3.00174E+03	 5.02661E+04
 3.00537E+03	 5.03746E+04
 3.00900E+03	 5.04078E+04
 3.01263E+03	 5.04330E+04
 3.01626E+03	 5.05180E+04
 3.01988E+03	 5.06150E+04
 3.02351E+03	 5.06518E+04
 3.02713E+03	 5.07468E+04
 3.03075E+03	 5.07641E+04
 3.03437E+03	 5.08604E+04
 3.03799E+03	 5.08788E+04
 3.04160E+03	 5.09796E+04
 3.04521E+03	 5.10446E+04
 3.04883E+03	 5.10993E+04
 3.05244E+03	 5.11869E+04
 3.05605E+03	 5.12173E+04
 3.05965E+03	 5.12429E+04
 3.06326E+03	 5.13549E+04
 3.06686E+03	 5.13869E+04
 3.07046E+03	 5.14346E+04
 3.07406E+03	 5.15070E+04
 3.07766E+03	 5.15869E+04
 3.08125E+03	 5.16111E+04
 3.08485E+03	 5.17211E+04
 3.08844E+03	 5.17900E+04
 3.09203E+03	 5.18143E+04
 3.09562E+03	 5.19084E+04
 3.09921E+03	 5.19445E+04
 3.10280E+03	 5.20431E+04
 3.10638E+03	 5.20873E+04
 3.10996E+03	 5.21423E+04
 3.11354E+03	 5.22479E+04
 3.11712E+03	 5.22925E+04
 3.12070E+03	 5.23566E+04
 3.12427E+03	 5.24213E+04
 3.12785E+03	 5.24825E+04
 3.13142E+03	 5.25643E+04
 3.13499E+03	 5.26046E+04
 3.13856E+03	 5.26845E+04
 3.14212E+03	 5.27513E+04
 3.14569E+03	 5.28106E+04
 3.14925E+03	 5.28600E+04
 3.15281E+03	 5.29633E+04
 3.15637E+03	 5.29848E+04
 3.15993E+03	 5.31181E+04
 3.16349E+03	 5.31408E+04
 3.16704E+03	 5.31585E+04
 3.17060E+03	 5.32716E+04
 3.17415E+03	 5.33584E+04
 3.17770E+03	 5.34069E+04
 3.18124E+03	 5.35059E+04
 3.18479E+03	 5.35465E+04
 3.18834E+03	 5.35759E+04
 3.19188E+03	 5.37403E+04
 3.19542E+03	 5.37933E+04
 3.19896E+03	 5.38579E+04
 3.20250E+03	 5.39423E+04
 3.20603E+03	 5.39615E+04
 3.20957E+03	 5.40320E+04
 3.21310E+03	 5.41040E+04
 3.21663E+03	 5.41783E+04
 3.22016E+03	 5.42484E+04
 3.22369E+03	 5.43040E+04
 3.22721E+03	 5.43731E+04
 3.23074E+03	 5.44633E+04
 3.23426E+03	 5.45025E+04
 3.23778E+03	 5.45829E+04
 3.24130E+03	 5.46594E+04
 3.24481E+03	 5.47470E+04
 3.24833E+03	 5.47828E+04
 3.25184E+03	 5.48126E+04
 3.25536E+03	 5.48786E+04
 3.25887E+03	 5.49699E+04
 3.26238E+03	 5.50259E+04
 3.26588E+03	 5.51401E+04
 3.26939E+03	 5.51676E+04
 3.27289E+03	 5.52431E+04
 3.27639E+03	 5.53175E+04
 3.27989E+03	 5.53316E+04
 3.28339E+03	 5.54466E+04
 3.28689E+03	 5.55020E+04
 3.29039E+03	 5.55549E+04
 3.29388E+03	 5.56338E+04
 3.29737E+03	 5.57143E+04
 3.30086E+03	 5.57718E+04
 3.30435E+03	 5.58340E+04
 3.30784E+03	 5.59218E+04
 3.31132E+03	 5.59123E+04
 3.31481E+03	 5.60185E+04
 3.31829E+03	 5.60751E+04
 3.32177E+03	 5.60800E+04
 3.32525E+03	 5.61799E+04
 3.32873E+03	 5.62315E+04
 3.33220E+03	 5.63298E+04
 3.33567E+03	 5.63378E+04
 3.33915E+03	 5.64295E+04
 3.34262E+03	 5.65123E+04
 3.34609E+03	 5.66073E+04
 3.34955E+03	 5.65653E+04
 3.35302E+03	 5.67106E+04
 3.35648E+03	 5.67554E+04
 3.35994E+03	 5.68086E+04
 3.36341E+03	 5.68179E+04
 3.36686E+03	 5.68849E+04
 3.37032E+03	 5.69455E+04
 3.37378E+03	 5.70461E+04
 3.37723E+03	 5.70573E+04
 3.38068E+03	 5.70983E+04
 3.38413E+03	 5.71926E+04
 3.38758E+03	 5.72390E+04
 3.39103E+03	 5.73063E+04
 3.39448E+03	 5.73179E+04
 3.39792E+03	 5.74413E+04
 3.40136E+03	 5.74971E+04
 3.40480E+03	 5.75391E+04
 3.40824E+03	 5.75689E+04
 3.41168E+03	 5.76383E+04
 3.41512E+03	 5.77238E+04
 3.41855E+03	 5.77381E+04
 3.42198E+03	 5.77963E+04
 3.42541E+03	 5.78688E+04
 3.42884E+03	 5.79368E+04
 3.43227E+03	 5.79865E+04
 3.43570E+03	 5.80783E+04
 3.43912E+03	 5.81249E+04
 3.44254E+03	 5.81570E+04
 3.44597E+03	 5.82221E+04
 3.44939E+03	 5.82683E+04
 3.45280E+03	 5.83590E+04
 3.45622E+03	 5.84029E+04
 3.45963E+03	 5.84613E+04
 3.46305E+03	 5.84951E+04
 3.46646E+03	 5.85878E+04
 3.46987E+03	 5.86604E+04
 3.47328E+03	 5.87074E+04
 3.47668E+03	 5.87663E+04
 3.48009E+03	 5.88389E+04
 3.48349E+03	 5.89051E+04
 3.48689E+03	 5.89176E+04
 3.49029E+03	 5.90218E+04
 3.49369E+03	 5.90824E+04
 3.49709E+03	 5.91064E+04
 3.50049E+03	 5.91643E+04
 3.50388E+03	 5.92385E+04
 3.50727E+03	 5.92753E+04
 3.51066E+03	 5.93425E+04
 3.51405E+03	 5.93679E+04
 3.51744E+03	 5.94400E+04
 3.52082E+03	 5.94766E+04
 3.52421E+03	 5.95208E+04
 3.52759E+03	 5.95289E+04
 3.53097E+03	 5.96280E+04
 3.53435E+03	 5.96358E+04
 3.53773E+03	 5.96869E+04
 3.54110E+03	 5.97844E+04
 3.54448E+03	 5.98099E+04
 3.54785E+03	 5.98509E+04
 3.55122E+03	 5.99435E+04
 3.55459E+03	 5.99841E+04
 3.55796E+03	 6.00830E+04
 3.56133E+03	 6.00921E+04
 3.56469E+03	 6.01730E+04
 3.56806E+03	 6.01985E+04
 3.57142E+03	 6.02334E+04
 3.57478E+03	 6.02898E+04
 3.57814E+03	 6.03788E+04
 3.58149E+03	 6.04091E+04
 3.58485E+03	 6.04244E+04
 3.58820E+03	 6.04620E+04
 3.59156E+03	 6.05159E+04
 3.59491E+03	 6.05793E+04
 3.59826E+03	 6.06493E+04
 3.60160E+03	 6.06806E+04
 3.60495E+03	 6.07330E+04
 3.60829E+03	 6.07589E+04
 3.61164E+03	 6.07993E+04
 3.61498E+03	 6.08564E+04
 3.61832E+03	 6.09210E+04
 3.62166E+03	 6.09461E+04
 3.62499E+03	 6.10004E+04
 3.62833E+03	 6.10469E+04
 3.63166E+03	 6.10354E+04
 3.63499E+03	 6.11065E+04
 3.63832E+03	 6.11539E+04
 3.64165E+03	 6.11681E+04
 3.64498E+03	 6.12161E+04
 3.64831E+03	 6.12779E+04
 3.65163E+03	 6.13081E+04
 3.65495E+03	 6.13483E+04
 3.65827E+03	 6.13621E+04
 3.66159E+03	 6.14421E+04
 3.66491E+03	 6.14580E+04
 3.66823E+03	 6.15231E+04
 3.67154E+03	 6.15155E+04
 3.67485E+03	 6.16108E+04
 3.67817E+03	 6.16581E+04
 3.68148E+03	 6.16445E+04
 3.68478E+03	 6.17171E+04
 3.68809E+03	 6.17291E+04
 3.69140E+03	 6.17690E+04
 3.69470E+03	 6.18115E+04
 3.69800E+03	 6.18718E+04
 3.70130E+03	 6.18675E+04
 3.70460E+03	 6.19001E+04
 3.70790E+03	 6.19516E+04
 3.71120E+03	 6.19901E+04
 3.71449E+03	 6.20319E+04
 3.71778E+03	 6.20220E+04
 3.72108E+03	 6.21050E+04
 3.72437E+03	 6.21161E+04
 3.72765E+03	 6.21366E+04
 3.73094E+03	 6.21831E+04
 3.73423E+03	 6.21941E+04
 3.73751E+03	 6.22326E+04
 3.74079E+03	 6.22781E+04
 3.74407E+03	 6.23279E+04
 3.74735E+03	 6.23496E+04
 3.75063E+03	 6.24060E+04
 3.75391E+03	 6.23898E+04
 3.75718E+03	 6.24644E+04
 3.76045E+03	 6.24910E+04
 3.76373E+03	 6.25658E+04
 3.76700E+03	 6.25206E+04
 3.77026E+03	 6.25700E+04
 3.77353E+03	 6.25906E+04
 3.77680E+03	 6.25948E+04
 3.78006E+03	 6.26623E+04
 3.78332E+03	 6.26924E+04
 3.78658E+03	 6.27266E+04
 3.78984E+03	 6.27556E+04
 3.79310E+03	 6.27811E+04
 3.79636E+03	 6.27820E+04
 3.79961E+03	 6.28078E+04
 3.80287E+03	 6.28524E+04
 3.80612E+03	 6.28728E+04
 3.80937E+03	 6.28750E+04
 3.81262E+03	 6.29075E+04
 3.81586E+03	 6.29479E+04
 3.81911E+03	 6.29504E+04
 3.82235E+03	 6.29890E+04
 3.82560E+03	 6.30053E+04
 3.82884E+03	 6.30788E+04
 3.83208E+03	 6.30874E+04
 3.83532E+03	 6.31106E+04
 3.83855E+03	 6.31438E+04
 3.84179E+03	 6.31491E+04
 3.84502E+03	 6.31784E+04
 3.84825E+03	 6.31954E+04
 3.85148E+03	 6.32280E+04
 3.85471E+03	 6.32578E+04
 3.85794E+03	 6.32693E+04
 3.86117E+03	 6.33343E+04
 3.86439E+03	 6.33314E+04
 3.86762E+03	 6.33556E+04
 3.87084E+03	 6.33783E+04
 3.87406E+03	 6.33800E+04
 3.87728E+03	 6.34019E+04
 3.88049E+03	 6.34424E+04
 3.88371E+03	 6.34563E+04
 3.88692E+03	 6.34844E+04
 3.89014E+03	 6.35238E+04
 3.89335E+03	 6.35326E+04
 3.89656E+03	 6.35594E+04
 3.89977E+03	 6.35809E+04
 3.90297E+03	 6.36060E+04
 3.90618E+03	 6.36489E+04
 3.90938E+03	 6.36555E+04
 3.91258E+03	 6.36881E+04
 3.91579E+03	 6.36996E+04
 3.91898E+03	 6.37011E+04
 3.92218E+03	 6.37415E+04
 3.92538E+03	 6.37675E+04
 3.92857E+03	 6.37869E+04
 3.93177E+03	 6.37918E+04
 3.93496E+03	 6.38266E+04
 3.93815E+03	 6.38436E+04
 3.94134E+03	 6.38598E+04
 3.94453E+03	 6.38791E+04
 3.94771E+03	 6.38911E+04
 3.95090E+03	 6.39083E+04
 3.95408E+03	 6.39234E+04
 3.95726E+03	 6.39375E+04
 3.96044E+03	 6.39644E+04
 3.96362E+03	 6.39688E+04
 3.96680E+03	 6.40025E+04
 3.96997E+03	 6.40060E+04
 3.97315E+03	 6.40355E+04
 3.97632E+03	 6.40423E+04
 3.97949E+03	 6.40408E+04
 3.98266E+03	 6.40600E+04
 3.98583E+03	 6.40759E+04
 3.98900E+03	 6.40946E+04
 3.99216E+03	 6.40926E+04
 3.99533E+03	 6.41004E+04
 3.99849E+03	 6.41320E+04
 4.00165E+03	 6.41338E+04
 4.00481E+03	 6.41651E+04
 4.00797E+03	 6.41675E+04
 4.01113E+03	 6.41685E+04
 4.01428E+03	 6.41993E+04
 4.01744E+03	 6.42003E+04
 4.02059E+03	 6.42263E+04
 4.02374E+03	 6.42253E+04
 4.02689E+03	 6.42524E+04
 4.03004E+03	 6.42580E+04
 4.03318E+03	 6.42706E+04
 4.03633E+03	 6.42728E+04
 4.03947E+03	 6.42825E+04
 4.04262E+03	 6.42733E+04
 4.04576E+03	 6.42811E+04
 4.04890E+03	 6.42919E+04
 4.05203E+03	 6.42846E+04
 4.05517E+03	 6.42828E+04
 4.05831E+03	 6.42530E+04
 4.06144E+03	 6.34388E+04
