-1.03034E+02	 3.21938E+03
-9.77694E+01	 3.26550E+03
-9.25079E+01	 3.30063E+03
-8.72494E+01	 3.33888E+03
-8.19938E+01	 3.38150E+03
-7.67412E+01	 3.42963E+03
-7.14916E+01	 3.47300E+03
-6.62450E+01	 3.50813E+03
-6.10013E+01	 3.55663E+03
-5.57605E+01	 3.58938E+03
-5.05228E+01	 3.63988E+03
-4.52879E+01	 3.68300E+03
-4.00561E+01	 3.72938E+03
-3.48271E+01	 3.76913E+03
-2.96012E+01	 3.81550E+03
-2.43781E+01	 3.86288E+03
-1.91580E+01	 3.90988E+03
-1.39409E+01	 3.95200E+03
-8.72666E+00	 3.99713E+03
-3.51538E+00	 4.04000E+03
 1.69298E+00	 4.09150E+03
 6.89840E+00	 4.12250E+03
 1.21009E+01	 4.18888E+03
 1.73005E+01	 4.24163E+03
 2.24971E+01	 4.27675E+03
 2.76908E+01	 4.33500E+03
 3.28816E+01	 4.38050E+03
 3.80695E+01	 4.43413E+03
 4.32545E+01	 4.48250E+03
 4.84366E+01	 4.53200E+03
 5.36157E+01	 4.57450E+03
 5.87920E+01	 4.64238E+03
 6.39653E+01	 4.69113E+03
 6.91358E+01	 4.73413E+03
 7.43033E+01	 4.78563E+03
 7.94680E+01	 4.84200E+03
 8.46297E+01	 4.88800E+03
 8.97886E+01	 4.94913E+03
 9.49446E+01	 4.98500E+03
 1.00098E+02	 5.05025E+03
 1.05248E+02	 5.10263E+03
 1.10395E+02	 5.15100E+03
 1.15540E+02	 5.19238E+03
 1.20681E+02	 5.25175E+03
 1.25820E+02	 5.32388E+03
 1.30956E+02	 5.36375E+03
 1.36089E+02	 5.41263E+03
 1.41219E+02	 5.47625E+03
 1.46346E+02	 5.53738E+03
 1.51470E+02	 5.58863E+03
 1.56592E+02	 5.65175E+03
 1.61710E+02	 5.72175E+03
 1.66826E+02	 5.77938E+03
 1.71939E+02	 5.82863E+03
 1.77049E+02	 5.89425E+03
 1.82156E+02	 5.95163E+03
 1.87260E+02	 6.02150E+03
 1.92362E+02	 6.06400E+03
 1.97461E+02	 6.13238E+03
 2.02556E+02	 6.19038E+03
 2.07649E+02	 6.26838E+03
 2.12739E+02	 6.31900E+03
 2.17827E+02	 6.39000E+03
 2.22911E+02	 6.46288E+03
 2.27993E+02	 6.50413E+03
 2.33072E+02	 6.57838E+03
 2.38148E+02	 6.62713E+03
 2.43221E+02	 6.70163E+03
 2.48291E+02	 6.76150E+03
 2.53359E+02	 6.82238E+03
 2.58423E+02	 6.89550E+03
 2.63485E+02	 6.95250E+03
 2.68544E+02	 7.02175E+03
 2.73600E+02	 7.08350E+03
 2.78654E+02	 7.15513E+03
 2.83704E+02	 7.20925E+03
 2.88752E+02	 7.28275E+03
 2.93797E+02	 7.34713E+03
 2.98840E+02	 7.41888E+03
 3.03879E+02	 7.48525E+03
 3.08916E+02	 7.55250E+03
 3.13949E+02	 7.63588E+03
 3.18980E+02	 7.70963E+03
 3.24009E+02	 7.77150E+03
 3.29034E+02	 7.84450E+03
 3.34057E+02	 7.91638E+03
 3.39077E+02	 7.98800E+03
 3.44094E+02	 8.06263E+03
 3.49108E+02	 8.13088E+03
 3.54120E+02	 8.21113E+03
 3.59129E+02	 8.27300E+03
 3.64135E+02	 8.34938E+03
 3.69138E+02	 8.43450E+03
 3.74138E+02	 8.48588E+03
 3.79136E+02	 8.57463E+03
 3.84131E+02	 8.64100E+03
 3.89123E+02	 8.71475E+03
 3.94113E+02	 8.78750E+03
 3.99099E+02	 8.87025E+03
 4.04083E+02	 8.94225E+03
 4.09064E+02	 9.02563E+03
 4.14043E+02	 9.10588E+03
 4.19019E+02	 9.16800E+03
 4.23991E+02	 9.26725E+03
 4.28962E+02	 9.31713E+03
 4.33929E+02	 9.41825E+03
 4.38894E+02	 9.50650E+03
 4.43856E+02	 9.58875E+03
 4.48815E+02	 9.67050E+03
 4.53771E+02	 9.72538E+03
 4.58725E+02	 9.81650E+03
 4.63676E+02	 9.90325E+03
 4.68625E+02	 9.97988E+03
 4.73570E+02	 1.00663E+04
 4.78513E+02	 1.01439E+04
 4.83453E+02	 1.02253E+04
 4.88391E+02	 1.02946E+04
 4.93325E+02	 1.03864E+04
 4.98257E+02	 1.04845E+04
 5.03187E+02	 1.05439E+04
 5.08113E+02	 1.06500E+04
 5.13037E+02	 1.07286E+04
 5.17958E+02	 1.08198E+04
 5.22877E+02	 1.08958E+04
 5.27792E+02	 1.09749E+04
 5.32706E+02	 1.10590E+04
 5.37616E+02	 1.11373E+04
 5.42524E+02	 1.12370E+04
 5.47429E+02	 1.13301E+04
 5.52331E+02	 1.14051E+04
 5.57230E+02	 1.15214E+04
 5.62127E+02	 1.16006E+04
 5.67022E+02	 1.16884E+04
 5.71913E+02	 1.17670E+04
 5.76802E+02	 1.18734E+04
 5.81688E+02	 1.19586E+04
 5.86572E+02	 1.20459E+04
 5.91452E+02	 1.21441E+04
 5.96331E+02	 1.22210E+04
 6.01206E+02	 1.23179E+04
 6.06079E+02	 1.24050E+04
 6.10949E+02	 1.24834E+04
 6.15817E+02	 1.25898E+04
 6.20681E+02	 1.26818E+04
 6.25544E+02	 1.27776E+04
 6.30403E+02	 1.28693E+04
 6.35260E+02	 1.29721E+04
 6.40114E+02	 1.30575E+04
 6.44966E+02	 1.31393E+04
 6.49815E+02	 1.32349E+04
 6.54661E+02	 1.33475E+04
 6.59505E+02	 1.34349E+04
 6.64346E+02	 1.35270E+04
 6.69184E+02	 1.36348E+04
 6.74020E+02	 1.37140E+04
 6.78853E+02	 1.38079E+04
 6.83683E+02	 1.38946E+04
 6.88511E+02	 1.39996E+04
 6.93336E+02	 1.40789E+04
 6.98159E+02	 1.41960E+04
 7.02978E+02	 1.42835E+04
 7.07796E+02	 1.43848E+04
 7.12610E+02	 1.44849E+04
 7.17422E+02	 1.45880E+04
 7.22232E+02	 1.46805E+04
 7.27039E+02	 1.47856E+04
 7.31843E+02	 1.48653E+04
 7.36644E+02	 1.49546E+04
 7.41443E+02	 1.50765E+04
 7.46240E+02	 1.51859E+04
 7.51033E+02	 1.52774E+04
 7.55825E+02	 1.53916E+04
 7.60613E+02	 1.54685E+04
 7.65399E+02	 1.55749E+04
 7.70182E+02	 1.56910E+04
 7.74963E+02	 1.57671E+04
 7.79741E+02	 1.58683E+04
 7.84517E+02	 1.59786E+04
 7.89290E+02	 1.60501E+04
 7.94060E+02	 1.61766E+04
 7.98828E+02	 1.62720E+04
 8.03593E+02	 1.63654E+04
 8.08356E+02	 1.64699E+04
 8.13116E+02	 1.65833E+04
 8.17873E+02	 1.66593E+04
 8.22628E+02	 1.67774E+04
 8.27380E+02	 1.68648E+04
 8.32130E+02	 1.69775E+04
 8.36877E+02	 1.70776E+04
 8.41622E+02	 1.71818E+04
 8.46364E+02	 1.72640E+04
 8.51103E+02	 1.73758E+04
 8.55840E+02	 1.74564E+04
 8.60575E+02	 1.75854E+04
 8.65306E+02	 1.76660E+04
 8.70036E+02	 1.77578E+04
 8.74762E+02	 1.78633E+04
 8.79486E+02	 1.79619E+04
 8.84208E+02	 1.80688E+04
 8.88927E+02	 1.81733E+04
 8.93644E+02	 1.82623E+04
 8.98357E+02	 1.83615E+04
 9.03069E+02	 1.84541E+04
 9.07778E+02	 1.85660E+04
 9.12484E+02	 1.86373E+04
 9.17188E+02	 1.87235E+04
 9.21889E+02	 1.88403E+04
 9.26588E+02	 1.89521E+04
 9.31284E+02	 1.90396E+04
 9.35977E+02	 1.91259E+04
 9.40669E+02	 1.92256E+04
 9.45357E+02	 1.93345E+04
 9.50043E+02	 1.94353E+04
 9.54727E+02	 1.95013E+04
 9.59408E+02	 1.96233E+04
 9.64086E+02	 1.97145E+04
 9.68762E+02	 1.98186E+04
 9.73436E+02	 1.98970E+04
 9.78107E+02	 1.99725E+04
 9.82775E+02	 2.00774E+04
 9.87441E+02	 2.01811E+04
 9.92104E+02	 2.02806E+04
 9.96765E+02	 2.03516E+04
 1.00142E+03	 2.04505E+04
 1.00608E+03	 2.05354E+04
 1.01073E+03	 2.05866E+04
 1.01538E+03	 2.07241E+04
 1.02003E+03	 2.07934E+04
 1.02468E+03	 2.08886E+04
 1.02932E+03	 2.09568E+04
 1.03396E+03	 2.10661E+04
 1.03860E+03	 2.11558E+04
 1.04324E+03	 2.12379E+04
 1.04787E+03	 2.12951E+04
 1.05250E+03	 2.13983E+04
 1.05713E+03	 2.14711E+04
 1.06176E+03	 2.15595E+04
 1.06638E+03	 2.16369E+04
 1.07100E+03	 2.17116E+04
 1.07562E+03	 2.17649E+04
 1.08024E+03	 2.18716E+04
 1.08485E+03	 2.19388E+04
 1.08946E+03	 2.20044E+04
 1.09407E+03	 2.20814E+04
 1.09868E+03	 2.21599E+04
 1.10328E+03	 2.22161E+04
 1.10788E+03	 2.22921E+04
 1.11248E+03	 2.23773E+04
 1.11708E+03	 2.24264E+04
 1.12167E+03	 2.25166E+04
 1.12626E+03	 2.25513E+04
 1.13085E+03	 2.26484E+04
 1.13544E+03	 2.27139E+04
 1.14002E+03	 2.27750E+04
 1.14460E+03	 2.28014E+04
 1.14918E+03	 2.28893E+04
 1.15376E+03	 2.29396E+04
 1.15833E+03	 2.29871E+04
 1.16291E+03	 2.30514E+04
 1.16748E+03	 2.30936E+04
 1.17204E+03	 2.31534E+04
 1.17661E+03	 2.32448E+04
 1.18117E+03	 2.32826E+04
 1.18573E+03	 2.33450E+04
 1.19029E+03	 2.33765E+04
 1.19484E+03	 2.34218E+04
 1.19939E+03	 2.34835E+04
 1.20394E+03	 2.35391E+04
 1.20849E+03	 2.36024E+04
 1.21304E+03	 2.36615E+04
 1.21758E+03	 2.37106E+04
 1.22212E+03	 2.37741E+04
 1.22666E+03	 2.38006E+04
 1.23119E+03	 2.38540E+04
 1.23573E+03	 2.39108E+04
 1.24026E+03	 2.39673E+04
 1.24479E+03	 2.40135E+04
 1.24931E+03	 2.40791E+04
 1.25384E+03	 2.41118E+04
 1.25836E+03	 2.41871E+04
 1.26288E+03	 2.42193E+04
 1.26739E+03	 2.42825E+04
 1.27191E+03	 2.42981E+04
 1.27642E+03	 2.43785E+04
 1.28093E+03	 2.43769E+04
 1.28543E+03	 2.44423E+04
 1.28994E+03	 2.44925E+04
 1.29444E+03	 2.45510E+04
 1.29894E+03	 2.45690E+04
 1.30344E+03	 2.46286E+04
 1.30793E+03	 2.46481E+04
 1.31243E+03	 2.47156E+04
 1.31692E+03	 2.47688E+04
 1.32140E+03	 2.48519E+04
 1.32589E+03	 2.48683E+04
 1.33037E+03	 2.49100E+04
 1.33485E+03	 2.49609E+04
 1.33933E+03	 2.49959E+04
 1.34381E+03	 2.50560E+04
 1.34828E+03	 2.50985E+04
 1.35275E+03	 2.51445E+04
 1.35722E+03	 2.52004E+04
 1.36169E+03	 2.52415E+04
 1.36615E+03	 2.52935E+04
 1.37061E+03	 2.53171E+04
 1.37507E+03	 2.54020E+04
 1.37953E+03	 2.54235E+04
 1.38398E+03	 2.54375E+04
 1.38844E+03	 2.54975E+04
 1.39289E+03	 2.56019E+04
 1.39733E+03	 2.55928E+04
 1.40178E+03	 2.56546E+04
 1.40622E+03	 2.56770E+04
 1.41066E+03	 2.57175E+04
 1.41510E+03	 2.57823E+04
 1.41954E+03	 2.58035E+04
 1.42397E+03	 2.58395E+04
 1.42840E+03	 2.59386E+04
 1.43283E+03	 2.59585E+04
 1.43726E+03	 2.60130E+04
 1.44168E+03	 2.60463E+04
 1.44610E+03	 2.61025E+04
 1.45052E+03	 2.61369E+04
 1.45494E+03	 2.61981E+04
 1.45936E+03	 2.62324E+04
 1.46377E+03	 2.63043E+04
 1.46818E+03	 2.63388E+04
 1.47259E+03	 2.63851E+04
 1.47699E+03	 2.64133E+04
 1.48140E+03	 2.65011E+04
 1.48580E+03	 2.65246E+04
 1.49020E+03	 2.65819E+04
 1.49459E+03	 2.66433E+04
 1.49899E+03	 2.66873E+04
 1.50338E+03	 2.67579E+04
 1.50777E+03	 2.67496E+04
 1.51216E+03	 2.68479E+04
 1.51654E+03	 2.68579E+04
 1.52092E+03	 2.69096E+04
 1.52530E+03	 2.69554E+04
 1.52968E+03	 2.70218E+04
 1.53406E+03	 2.70570E+04
 1.53843E+03	 2.70836E+04
 1.54280E+03	 2.71429E+04
 1.54717E+03	 2.72288E+04
 1.55154E+03	 2.72458E+04
 1.55590E+03	 2.72574E+04
 1.56027E+03	 2.73140E+04
 1.56463E+03	 2.74110E+04
 1.56898E+03	 2.74471E+04
 1.57334E+03	 2.74783E+04
 1.57769E+03	 2.75045E+04
 1.58204E+03	 2.75873E+04
 1.58639E+03	 2.76646E+04
 1.59074E+03	 2.76718E+04
 1.59508E+03	 2.77405E+04
 1.59942E+03	 2.77660E+04
 1.60376E+03	 2.78401E+04
 1.60810E+03	 2.78310E+04
 1.61243E+03	 2.79286E+04
 1.61677E+03	 2.79486E+04
 1.62110E+03	 2.80149E+04
 1.62542E+03	 2.80346E+04
 1.62975E+03	 2.80679E+04
 1.63407E+03	 2.81324E+04
 1.63840E+03	 2.81964E+04
 1.64271E+03	 2.82381E+04
 1.64703E+03	 2.82964E+04
 1.65135E+03	 2.83505E+04
 1.65566E+03	 2.83676E+04
 1.65997E+03	 2.84270E+04
 1.66428E+03	 2.84741E+04
 1.66858E+03	 2.85663E+04
 1.67289E+03	 2.85959E+04
 1.67719E+03	 2.86604E+04
 1.68149E+03	 2.86619E+04
 1.68578E+03	 2.87129E+04
 1.69008E+03	 2.87293E+04
 1.69437E+03	 2.88690E+04
 1.69866E+03	 2.88798E+04
 1.70295E+03	 2.89155E+04
 1.70723E+03	 2.89701E+04
 1.71152E+03	 2.90089E+04
 1.71580E+03	 2.90661E+04
 1.72008E+03	 2.90918E+04
 1.72435E+03	 2.91408E+04
 1.72863E+03	 2.91966E+04
 1.73290E+03	 2.92703E+04
 1.73717E+03	 2.92960E+04
 1.74144E+03	 2.93513E+04
 1.74570E+03	 2.93920E+04
 1.74997E+03	 2.94596E+04
 1.75423E+03	 2.94679E+04
 1.75849E+03	 2.95633E+04
 1.76274E+03	 2.95901E+04
 1.76700E+03	 2.96318E+04
 1.77125E+03	 2.97073E+04
 1.77550E+03	 2.97320E+04
 1.77975E+03	 2.97953E+04
 1.78399E+03	 2.98230E+04
 1.78824E+03	 2.98973E+04
 1.79248E+03	 2.99125E+04
 1.79672E+03	 2.99973E+04
 1.80095E+03	 2.99925E+04
 1.80519E+03	 3.00863E+04
 1.80942E+03	 3.01236E+04
 1.81365E+03	 3.01571E+04
 1.81788E+03	 3.02040E+04
 1.82211E+03	 3.02649E+04
 1.82633E+03	 3.03116E+04
 1.83055E+03	 3.03703E+04
 1.83477E+03	 3.04326E+04
 1.83899E+03	 3.04611E+04
 1.84320E+03	 3.05054E+04
 1.84742E+03	 3.05768E+04
 1.85163E+03	 3.05958E+04
 1.85584E+03	 3.06326E+04
 1.86004E+03	 3.06985E+04
 1.86425E+03	 3.07229E+04
 1.86845E+03	 3.07754E+04
 1.87265E+03	 3.08276E+04
 1.87685E+03	 3.08729E+04
 1.88104E+03	 3.09011E+04
 1.88524E+03	 3.09636E+04
 1.88943E+03	 3.10336E+04
 1.89362E+03	 3.10514E+04
 1.89780E+03	 3.10816E+04
 1.90199E+03	 3.11423E+04
 1.90617E+03	 3.11636E+04
 1.91035E+03	 3.12324E+04
 1.91453E+03	 3.12695E+04
 1.91871E+03	 3.13263E+04
 1.92288E+03	 3.13908E+04
 1.92705E+03	 3.14294E+04
 1.93122E+03	 3.14840E+04
 1.93539E+03	 3.15574E+04
 1.93956E+03	 3.16033E+04
 1.94372E+03	 3.16118E+04
 1.94788E+03	 3.16943E+04
 1.95204E+03	 3.17320E+04
 1.95620E+03	 3.17833E+04
 1.96035E+03	 3.18490E+04
 1.96451E+03	 3.18871E+04
 1.96866E+03	 3.19509E+04
 1.97280E+03	 3.19260E+04
 1.97695E+03	 3.20234E+04
 1.98110E+03	 3.20865E+04
 1.98524E+03	 3.21279E+04
 1.98938E+03	 3.21400E+04
 1.99352E+03	 3.22295E+04
 1.99765E+03	 3.22400E+04
 2.00179E+03	 3.23185E+04
 2.00592E+03	 3.23519E+04
 2.01005E+03	 3.24180E+04
 2.01417E+03	 3.24450E+04
 2.01830E+03	 3.25074E+04
 2.02242E+03	 3.25948E+04
 2.02654E+03	 3.26085E+04
 2.03066E+03	 3.26423E+04
 2.03478E+03	 3.27413E+04
 2.03889E+03	 3.27825E+04
 2.04301E+03	 3.28558E+04
 2.04712E+03	 3.28593E+04
 2.05123E+03	 3.29466E+04
 2.05533E+03	 3.30000E+04
 2.05944E+03	 3.30540E+04
 2.06354E+03	 3.30573E+04
 2.06764E+03	 3.31035E+04
 2.07174E+03	 3.31736E+04
 2.07583E+03	 3.31914E+04
 2.07993E+03	 3.32696E+04
 2.08402E+03	 3.32953E+04
 2.08811E+03	 3.33546E+04
 2.09219E+03	 3.33778E+04
 2.09628E+03	 3.34210E+04
 2.10036E+03	 3.34384E+04
 2.10444E+03	 3.35326E+04
 2.10852E+03	 3.35854E+04
 2.11260E+03	 3.36195E+04
 2.11668E+03	 3.36860E+04
 2.12075E+03	 3.36936E+04
 2.12482E+03	 3.37759E+04
 2.12889E+03	 3.38330E+04
 2.13296E+03	 3.38701E+04
 2.13702E+03	 3.39168E+04
 2.14108E+03	 3.39474E+04
 2.14514E+03	 3.40061E+04
 2.14920E+03	 3.40574E+04
 2.15326E+03	 3.41225E+04
 2.15731E+03	 3.41684E+04
 2.16137E+03	 3.42235E+04
 2.16542E+03	 3.42748E+04
 2.16946E+03	 3.42724E+04
 2.17351E+03	 3.43573E+04
 2.17755E+03	 3.43874E+04
 2.18160E+03	 3.44213E+04
 2.18564E+03	 3.44499E+04
 2.18967E+03	 3.44868E+04
 2.19371E+03	 3.45451E+04
 2.19774E+03	 3.45920E+04
 2.20178E+03	 3.46405E+04
 2.20581E+03	 3.46834E+04
 2.20983E+03	 3.47081E+04
 2.21386E+03	 3.47433E+04
 2.21788E+03	 3.48188E+04
 2.22190E+03	 3.48539E+04
 2.22592E+03	 3.48730E+04
 2.22994E+03	 3.49318E+04
 2.23396E+03	 3.50093E+04
 2.23797E+03	 3.50386E+04
 2.24198E+03	 3.50634E+04
 2.24599E+03	 3.50661E+04
 2.25000E+03	 3.51299E+04
 2.25401E+03	 3.52076E+04
 2.25801E+03	 3.52315E+04
 2.26201E+03	 3.53124E+04
 2.26601E+03	 3.53271E+04
 2.27001E+03	 3.53643E+04
 2.27400E+03	 3.53930E+04
 2.27800E+03	 3.54483E+04
 2.28199E+03	 3.54996E+04
 2.28598E+03	 3.55025E+04
 2.28996E+03	 3.56069E+04
 2.29395E+03	 3.56381E+04
 2.29793E+03	 3.56825E+04
 2.30191E+03	 3.57119E+04
 2.30589E+03	 3.57379E+04
 2.30987E+03	 3.57999E+04
 2.31384E+03	 3.58520E+04
 2.31782E+03	 3.59135E+04
 2.32179E+03	 3.59390E+04
 2.32576E+03	 3.60159E+04
 2.32973E+03	 3.60453E+04
 2.33369E+03	 3.60723E+04
 2.33765E+03	 3.61356E+04
 2.34162E+03	 3.61613E+04
 2.34557E+03	 3.62340E+04
 2.34953E+03	 3.63095E+04
 2.35349E+03	 3.63689E+04
 2.35744E+03	 3.63795E+04
 2.36139E+03	 3.64245E+04
 2.36534E+03	 3.64478E+04
 2.36929E+03	 3.65069E+04
 2.37323E+03	 3.65799E+04
 2.37718E+03	 3.66224E+04
 2.38112E+03	 3.66598E+04
 2.38506E+03	 3.66933E+04
 2.38900E+03	 3.67889E+04
 2.39293E+03	 3.67919E+04
 2.39686E+03	 3.68130E+04
 2.40080E+03	 3.68781E+04
 2.40473E+03	 3.68925E+04
 2.40865E+03	 3.69653E+04
 2.41258E+03	 3.69965E+04
 2.41650E+03	 3.70451E+04
 2.42042E+03	 3.71009E+04
 2.42434E+03	 3.71519E+04
 2.42826E+03	 3.71839E+04
 2.43218E+03	 3.72513E+04
 2.43609E+03	 3.73238E+04
 2.44000E+03	 3.73473E+04
 2.44391E+03	 3.73865E+04
 2.44782E+03	 3.74440E+04
 2.45173E+03	 3.74998E+04
 2.45563E+03	 3.75193E+04
 2.45953E+03	 3.76040E+04
 2.46343E+03	 3.76394E+04
 2.46733E+03	 3.76974E+04
 2.47123E+03	 3.77481E+04
 2.47512E+03	 3.77663E+04
 2.47902E+03	 3.78319E+04
 2.48291E+03	 3.78828E+04
 2.48679E+03	 3.79388E+04
 2.49068E+03	 3.79741E+04
 2.49457E+03	 3.80313E+04
 2.49845E+03	 3.80699E+04
 2.50233E+03	 3.81129E+04
 2.50621E+03	 3.81968E+04
 2.51008E+03	 3.82298E+04
 2.51396E+03	 3.82903E+04
 2.51783E+03	 3.82965E+04
 2.52170E+03	 3.83700E+04
 2.52557E+03	 3.84050E+04
 2.52944E+03	 3.84913E+04
 2.53331E+03	 3.85240E+04
 2.53717E+03	 3.85828E+04
 2.54103E+03	 3.86288E+04
 2.54489E+03	 3.86821E+04
 2.54875E+03	 3.87221E+04
 2.55260E+03	 3.87966E+04
 2.55646E+03	 3.88603E+04
 2.56031E+03	 3.88901E+04
 2.56416E+03	 3.89131E+04
 2.56801E+03	 3.89933E+04
 2.57185E+03	 3.90355E+04
 2.57570E+03	 3.90716E+04
 2.57954E+03	 3.91114E+04
 2.58338E+03	 3.91615E+04
 2.58722E+03	 3.92294E+04
 2.59105E+03	 3.93040E+04
 2.59489E+03	 3.92973E+04
 2.59872E+03	 3.93460E+04
 2.60255E+03	 3.94146E+04
 2.60638E+03	 3.94625E+04
 2.61021E+03	 3.95078E+04
 2.61403E+03	 3.96036E+04
 2.61786E+03	 3.96136E+04
 2.62168E+03	 3.96805E+04
 2.62550E+03	 3.97494E+04
 2.62932E+03	 3.97330E+04
 2.63313E+03	 3.97959E+04
 2.63695E+03	 3.98570E+04
 2.64076E+03	 3.99266E+04
 2.64457E+03	 3.99744E+04
 2.64838E+03	 3.99985E+04
 2.65218E+03	 4.00799E+04
 2.65599E+03	 4.01123E+04
 2.65979E+03	 4.01406E+04
 2.66359E+03	 4.02114E+04
 2.66739E+03	 4.03026E+04
 2.67118E+03	 4.03471E+04
 2.67498E+03	 4.03875E+04
 2.67877E+03	 4.04895E+04
 2.68256E+03	 4.05293E+04
 2.68635E+03	 4.05585E+04
 2.69014E+03	 4.05819E+04
 2.69393E+03	 4.06291E+04
 2.69771E+03	 4.06746E+04
 2.70149E+03	 4.07435E+04
 2.70527E+03	 4.07768E+04
 2.70905E+03	 4.08506E+04
 2.71283E+03	 4.08796E+04
 2.71660E+03	 4.09340E+04
 2.72037E+03	 4.09910E+04
 2.72414E+03	 4.10631E+04
 2.72791E+03	 4.10941E+04
 2.73168E+03	 4.11741E+04
 2.73544E+03	 4.11910E+04
 2.73921E+03	 4.12765E+04
 2.74297E+03	 4.13130E+04
 2.74673E+03	 4.13879E+04
 2.75049E+03	 4.14130E+04
 2.75424E+03	 4.14941E+04
 2.75800E+03	 4.15278E+04
 2.76175E+03	 4.16029E+04
 2.76550E+03	 4.16375E+04
 2.76925E+03	 4.17291E+04
 2.77299E+03	 4.17471E+04
 2.77674E+03	 4.17925E+04
 2.78048E+03	 4.18579E+04
 2.78422E+03	 4.19151E+04
 2.78796E+03	 4.19448E+04
 2.79170E+03	 4.20231E+04
 2.79544E+03	 4.20845E+04
 2.79917E+03	 4.21343E+04
 2.80290E+03	 4.21724E+04
 2.80663E+03	 4.22109E+04
 2.81036E+03	 4.22739E+04
 2.81409E+03	 4.23203E+04
 2.81781E+03	 4.23530E+04
 2.82153E+03	 4.24596E+04
 2.82525E+03	 4.25028E+04
 2.82897E+03	 4.25666E+04
 2.83269E+03	 4.26453E+04
 2.83641E+03	 4.26324E+04
 2.84012E+03	 4.27145E+04
 2.84383E+03	 4.27781E+04
 2.84754E+03	 4.28208E+04
 2.85125E+03	 4.28861E+04
 2.85496E+03	 4.29391E+04
 2.85866E+03	 4.29718E+04
 2.86236E+03	 4.30510E+04
 2.86606E+03	 4.30480E+04
 2.86976E+03	 4.31494E+04
 2.87346E+03	 4.31704E+04
 2.87716E+03	 4.32630E+04
 2.88085E+03	 4.32980E+04
 2.88454E+03	 4.33764E+04
 2.88823E+03	 4.34460E+04
 2.89192E+03	 4.34785E+04
 2.89561E+03	 4.34829E+04
 2.89929E+03	 4.35775E+04
 2.90297E+03	 4.36123E+04
 2.90666E+03	 4.36836E+04
 2.91033E+03	 4.37444E+04
 2.91401E+03	 4.38424E+04
 2.91769E+03	 4.38589E+04
 2.92136E+03	 4.38936E+04
 2.92503E+03	 4.39660E+04
 2.92870E+03	 4.40360E+04
 2.93237E+03	 4.40436E+04
 2.93604E+03	 4.41585E+04
 2.93970E+03	 4.42029E+04
 2.94337E+03	 4.42855E+04
 2.94703E+03	 4.43134E+04
 2.95069E+03	 4.43788E+04
 2.95435E+03	 4.44335E+04
 2.95800E+03	 4.44949E+04
 2.96166E+03	 4.45180E+04
 2.96531E+03	 4.45931E+04
 2.96896E+03	 4.46440E+04
 2.97261E+03	 4.47304E+04
 2.97626E+03	 4.47843E+04
 2.97990E+03	 4.48313E+04
 2.98354E+03	 4.48844E+04
 2.98719E+03	 4.49480E+04
 2.99083E+03	 4.50074E+04
 2.99446E+03	 4.50675E+04
 2.99810E+03	 4.51245E+04
 3.00174E+03	 4.51496E+04
 3.00537E+03	 4.52544E+04
 3.00900E+03	 4.53111E+04
 3.01263E+03	 4.52786E+04
 3.01626E+03	 4.53326E+04
 3.01988E+03	 4.54351E+04
 3.02351E+03	 4.55158E+04
 3.02713E+03	 4.55360E+04
 3.03075E+03	 4.55719E+04
 3.03437E+03	 4.56383E+04
 3.03799E+03	 4.56499E+04
 3.04160E+03	 4.57530E+04
 3.04521E+03	 4.58259E+04
 3.04883E+03	 4.58246E+04
 3.05244E+03	 4.59239E+04
 3.05605E+03	 4.59106E+04
 3.05965E+03	 4.59724E+04
 3.06326E+03	 4.60156E+04
 3.06686E+03	 4.60666E+04
 3.07046E+03	 4.61274E+04
 3.07406E+03	 4.61426E+04
 3.07766E+03	 4.62451E+04
 3.08125E+03	 4.62919E+04
 3.08485E+03	 4.63493E+04
 3.08844E+03	 4.63526E+04
 3.09203E+03	 4.64233E+04
 3.09562E+03	 4.64898E+04
 3.09921E+03	 4.65228E+04
 3.10280E+03	 4.65868E+04
 3.10638E+03	 4.66796E+04
 3.10996E+03	 4.66969E+04
 3.11354E+03	 4.67659E+04
 3.11712E+03	 4.68074E+04
 3.12070E+03	 4.68605E+04
 3.12427E+03	 4.68955E+04
 3.12785E+03	 4.69839E+04
 3.13142E+03	 4.70309E+04
 3.13499E+03	 4.70619E+04
 3.13856E+03	 4.71354E+04
 3.14212E+03	 4.71941E+04
 3.14569E+03	 4.72374E+04
 3.14925E+03	 4.72785E+04
 3.15281E+03	 4.73608E+04
 3.15637E+03	 4.74140E+04
 3.15993E+03	 4.74423E+04
 3.16349E+03	 4.75053E+04
 3.16704E+03	 4.75263E+04
 3.17060E+03	 4.76306E+04
 3.17415E+03	 4.76785E+04
 3.17770E+03	 4.77114E+04
 3.18124E+03	 4.77964E+04
 3.18479E+03	 4.78236E+04
 3.18834E+03	 4.78824E+04
 3.19188E+03	 4.79825E+04
 3.19542E+03	 4.80160E+04
 3.19896E+03	 4.80801E+04
 3.20250E+03	 4.81149E+04
 3.20603E+03	 4.81736E+04
 3.20957E+03	 4.82410E+04
 3.21310E+03	 4.82620E+04
 3.21663E+03	 4.83833E+04
 3.22016E+03	 4.84176E+04
 3.22369E+03	 4.84453E+04
 3.22721E+03	 4.85211E+04
 3.23074E+03	 4.85596E+04
 3.23426E+03	 4.86244E+04
 3.23778E+03	 4.86773E+04
 3.24130E+03	 4.87300E+04
 3.24481E+03	 4.87870E+04
 3.24833E+03	 4.88300E+04
 3.25184E+03	 4.88948E+04
 3.25536E+03	 4.89588E+04
 3.25887E+03	 4.89924E+04
 3.26238E+03	 4.90193E+04
 3.26588E+03	 4.91158E+04
 3.26939E+03	 4.91585E+04
 3.27289E+03	 4.92139E+04
 3.27639E+03	 4.92813E+04
 3.27989E+03	 4.93035E+04
 3.28339E+03	 4.94215E+04
 3.28689E+03	 4.94478E+04
 3.29039E+03	 4.94676E+04
 3.29388E+03	 4.95465E+04
 3.29737E+03	 4.95608E+04
 3.30086E+03	 4.96691E+04
 3.30435E+03	 4.96780E+04
 3.30784E+03	 4.97444E+04
 3.31132E+03	 4.98136E+04
 3.31481E+03	 4.98325E+04
 3.31829E+03	 4.99009E+04
 3.32177E+03	 4.99429E+04
 3.32525E+03	 4.99468E+04
 3.32873E+03	 5.00306E+04
 3.33220E+03	 5.00981E+04
 3.33567E+03	 5.01240E+04
 3.33915E+03	 5.01829E+04
 3.34262E+03	 5.02370E+04
 3.34609E+03	 5.02496E+04
 3.34955E+03	 5.02743E+04
 3.35302E+03	 5.03860E+04
 3.35648E+03	 5.04769E+04
 3.35994E+03	 5.04510E+04
 3.36341E+03	 5.04973E+04
 3.36686E+03	 5.05508E+04
 3.37032E+03	 5.06118E+04
 3.37378E+03	 5.06403E+04
 3.37723E+03	 5.06920E+04
 3.38068E+03	 5.07616E+04
 3.38413E+03	 5.08351E+04
 3.38758E+03	 5.08658E+04
 3.39103E+03	 5.08866E+04
 3.39448E+03	 5.09235E+04
 3.39792E+03	 5.09914E+04
 3.40136E+03	 5.10266E+04
 3.40480E+03	 5.10756E+04
 3.40824E+03	 5.10983E+04
 3.41168E+03	 5.11783E+04
 3.41512E+03	 5.12269E+04
 3.41855E+03	 5.12320E+04
 3.42198E+03	 5.13225E+04
 3.42541E+03	 5.13386E+04
 3.42884E+03	 5.13815E+04
 3.43227E+03	 5.14250E+04
 3.43570E+03	 5.15463E+04
 3.43912E+03	 5.15436E+04
 3.44254E+03	 5.16038E+04
 3.44597E+03	 5.16019E+04
 3.44939E+03	 5.16671E+04
 3.45280E+03	 5.16963E+04
 3.45622E+03	 5.17963E+04
 3.45963E+03	 5.18273E+04
 3.46305E+03	 5.18773E+04
 3.46646E+03	 5.19511E+04
 3.46987E+03	 5.20003E+04
 3.47328E+03	 5.20088E+04
 3.47668E+03	 5.20989E+04
 3.48009E+03	 5.21390E+04
 3.48349E+03	 5.22175E+04
 3.48689E+03	 5.23033E+04
 3.49029E+03	 5.23039E+04
 3.49369E+03	 5.23908E+04
 3.49709E+03	 5.24358E+04
 3.50049E+03	 5.24808E+04
 3.50388E+03	 5.25253E+04
 3.50727E+03	 5.25310E+04
 3.51066E+03	 5.25705E+04
 3.51405E+03	 5.26281E+04
 3.51744E+03	 5.26546E+04
 3.52082E+03	 5.27075E+04
 3.52421E+03	 5.27570E+04
 3.52759E+03	 5.27235E+04
 3.53097E+03	 5.27978E+04
 3.53435E+03	 5.28303E+04
 3.53773E+03	 5.28714E+04
 3.54110E+03	 5.29746E+04
 3.54448E+03	 5.29943E+04
 3.54785E+03	 5.31020E+04
 3.55122E+03	 5.30829E+04
 3.55459E+03	 5.31590E+04
 3.55796E+03	 5.32643E+04
 3.56133E+03	 5.32821E+04
 3.56469E+03	 5.33483E+04
 3.56806E+03	 5.33741E+04
 3.57142E+03	 5.34153E+04
 3.57478E+03	 5.34559E+04
 3.57814E+03	 5.35091E+04
 3.58149E+03	 5.35373E+04
 3.58485E+03	 5.35974E+04
 3.58820E+03	 5.36373E+04
 3.59156E+03	 5.36869E+04
 3.59491E+03	 5.37319E+04
 3.59826E+03	 5.38338E+04
 3.60160E+03	 5.38780E+04
 3.60495E+03	 5.38913E+04
 3.60829E+03	 5.39241E+04
 3.61164E+03	 5.39465E+04
 3.61498E+03	 5.40425E+04
 3.61832E+03	 5.40655E+04
 3.62166E+03	 5.41445E+04
 3.62499E+03	 5.41485E+04
 3.62833E+03	 5.41845E+04
 3.63166E+03	 5.42183E+04
 3.63499E+03	 5.42613E+04
 3.63832E+03	 5.43575E+04
 3.64165E+03	 5.43691E+04
 3.64498E+03	 5.44199E+04
 3.64831E+03	 5.44461E+04
 3.65163E+03	 5.45314E+04
 3.65495E+03	 5.45683E+04
 3.65827E+03	 5.45706E+04
 3.66159E+03	 5.46734E+04
 3.66491E+03	 5.46915E+04
 3.66823E+03	 5.47509E+04
 3.67154E+03	 5.47993E+04
 3.67485E+03	 5.48624E+04
 3.67817E+03	 5.48740E+04
 3.68148E+03	 5.48784E+04
 3.68478E+03	 5.49866E+04
 3.68809E+03	 5.49849E+04
 3.69140E+03	 5.50530E+04
 3.69470E+03	 5.50681E+04
 3.69800E+03	 5.51180E+04
 3.70130E+03	 5.51646E+04
 3.70460E+03	 5.51894E+04
 3.70790E+03	 5.52416E+04
 3.71120E+03	 5.53328E+04
 3.71449E+03	 5.53155E+04
 3.71778E+03	 5.53871E+04
 3.72108E+03	 5.54560E+04
 3.72437E+03	 5.55003E+04
 3.72765E+03	 5.55339E+04
 3.73094E+03	 5.55009E+04
 3.73423E+03	 5.56051E+04
 3.73751E+03	 5.56709E+04
 3.74079E+03	 5.56380E+04
 3.74407E+03	 5.57351E+04
 3.74735E+03	 5.58233E+04
 3.75063E+03	 5.58765E+04
 3.75391E+03	 5.59184E+04
 3.75718E+03	 5.59368E+04
 3.76045E+03	 5.59554E+04
 3.76373E+03	 5.60351E+04
 3.76700E+03	 5.60578E+04
 3.77026E+03	 5.61044E+04
 3.77353E+03	 5.60899E+04
 3.77680E+03	 5.61703E+04
 3.78006E+03	 5.62280E+04
 3.78332E+03	 5.62690E+04
 3.78658E+03	 5.63215E+04
 3.78984E+03	 5.63681E+04
 3.79310E+03	 5.63710E+04
 3.79636E+03	 5.64085E+04
 3.79961E+03	 5.64491E+04
 3.80287E+03	 5.64815E+04
 3.80612E+03	 5.65456E+04
 3.80937E+03	 5.65430E+04
 3.81262E+03	 5.65938E+04
 3.81586E+03	 5.66210E+04
 3.81911E+03	 5.66724E+04
 3.82235E+03	 5.67613E+04
 3.82560E+03	 5.67690E+04
 3.82884E+03	 5.68503E+04
 3.83208E+03	 5.68588E+04
 3.83532E+03	 5.69410E+04
 3.83855E+03	 5.69774E+04
 3.84179E+03	 5.70220E+04
 3.84502E+03	 5.70521E+04
 3.84825E+03	 5.70403E+04
 3.85148E+03	 5.71093E+04
 3.85471E+03	 5.71804E+04
 3.85794E+03	 5.71839E+04
 3.86117E+03	 5.73211E+04
 3.86439E+03	 5.73286E+04
 3.86762E+03	 5.73778E+04
 3.87084E+03	 5.73975E+04
 3.87406E+03	 5.74291E+04
 3.87728E+03	 5.74916E+04
 3.88049E+03	 5.75360E+04
 3.88371E+03	 5.75599E+04
 3.88692E+03	 5.75986E+04
 3.89014E+03	 5.75998E+04
 3.89335E+03	 5.76890E+04
 3.89656E+03	 5.77271E+04
 3.89977E+03	 5.77514E+04
 3.90297E+03	 5.78511E+04
 3.90618E+03	 5.79283E+04
 3.90938E+03	 5.79465E+04
 3.91258E+03	 5.80293E+04
 3.91579E+03	 5.80236E+04
 3.91898E+03	 5.80575E+04
 3.92218E+03	 5.81600E+04
 3.92538E+03	 5.81948E+04
 3.92857E+03	 5.82315E+04
 3.93177E+03	 5.82620E+04
 3.93496E+03	 5.83418E+04
 3.93815E+03	 5.83748E+04
 3.94134E+03	 5.84290E+04
 3.94453E+03	 5.84703E+04
 3.94771E+03	 5.84944E+04
 3.95090E+03	 5.85148E+04
 3.95408E+03	 5.85645E+04
 3.95726E+03	 5.86368E+04
 3.96044E+03	 5.86733E+04
 3.96362E+03	 5.87006E+04
 3.96680E+03	 5.87809E+04
 3.96997E+03	 5.87961E+04
 3.97315E+03	 5.88474E+04
 3.97632E+03	 5.88749E+04
 3.97949E+03	 5.89118E+04
 3.98266E+03	 5.89509E+04
 3.98583E+03	 5.90106E+04
 3.98900E+03	 5.90431E+04
 3.99216E+03	 5.90478E+04
 3.99533E+03	 5.91121E+04
 3.99849E+03	 5.91173E+04
 4.00165E+03	 5.92048E+04
 4.00481E+03	 5.92534E+04
 4.00797E+03	 5.92526E+04
 4.01113E+03	 5.92506E+04
 4.01428E+03	 5.94328E+04
 4.01744E+03	 5.94003E+04
 4.02059E+03	 5.95389E+04
 4.02374E+03	 5.95093E+04
 4.02689E+03	 5.95905E+04
 4.03004E+03	 5.95735E+04
 4.03318E+03	 5.96360E+04
 4.03633E+03	 5.96730E+04
 4.03947E+03	 5.97364E+04
 4.04262E+03	 5.97436E+04
 4.04576E+03	 5.97490E+04
 4.04890E+03	 5.97959E+04
 4.05203E+03	 5.98506E+04
 4.05517E+03	 5.98351E+04
 4.05831E+03	 5.98916E+04
 4.06144E+03	 5.91779E+04
