-1.03034E+02	 3.17725E+03
-9.77694E+01	 3.22350E+03
-9.25079E+01	 3.25613E+03
-8.72494E+01	 3.30788E+03
-8.19938E+01	 3.33688E+03
-7.67412E+01	 3.37325E+03
-7.14916E+01	 3.41525E+03
-6.62450E+01	 3.46550E+03
-6.10013E+01	 3.50375E+03
-5.57605E+01	 3.54863E+03
-5.05228E+01	 3.57463E+03
-4.52879E+01	 3.64088E+03
-4.00561E+01	 3.67788E+03
-3.48271E+01	 3.71963E+03
-2.96012E+01	 3.76813E+03
-2.43781E+01	 3.80063E+03
-1.91580E+01	 3.84950E+03
-1.39409E+01	 3.88975E+03
-8.72666E+00	 3.93963E+03
-3.51538E+00	 3.98475E+03
 1.69298E+00	 4.02275E+03
 6.89840E+00	 4.08050E+03
 1.21009E+01	 4.12450E+03
 1.73005E+01	 4.16600E+03
 2.24971E+01	 4.21175E+03
 2.76908E+01	 4.26150E+03
 3.28816E+01	 4.32525E+03
 3.80695E+01	 4.36400E+03
 4.32545E+01	 4.40938E+03
 4.84366E+01	 4.47250E+03
 5.36157E+01	 4.51163E+03
 5.87920E+01	 4.55900E+03
 6.39653E+01	 4.61488E+03
 6.91358E+01	 4.67050E+03
 7.43033E+01	 4.71075E+03
 7.94680E+01	 4.76688E+03
 8.46297E+01	 4.80438E+03
 8.97886E+01	 4.85388E+03
 9.49446E+01	 4.91313E+03
 1.00098E+02	 4.96113E+03
 1.05248E+02	 5.01350E+03
 1.10395E+02	 5.07125E+03
 1.15540E+02	 5.11413E+03
 1.20681E+02	 5.17313E+03
 1.25820E+02	 5.21638E+03
 1.30956E+02	 5.28475E+03
 1.36089E+02	 5.33075E+03
 1.41219E+02	 5.38525E+03
 1.46346E+02	 5.44363E+03
 1.51470E+02	 5.50688E+03
 1.56592E+02	 5.56975E+03
 1.61710E+02	 5.61413E+03
 1.66826E+02	 5.67063E+03
 1.71939E+02	 5.72638E+03
 1.77049E+02	 5.78763E+03
 1.82156E+02	 5.84325E+03
 1.87260E+02	 5.90375E+03
 1.92362E+02	 5.97538E+03
 1.97461E+02	 6.03113E+03
 2.02556E+02	 6.09125E+03
 2.07649E+02	 6.13325E+03
 2.12739E+02	 6.20913E+03
 2.17827E+02	 6.25538E+03
 2.22911E+02	 6.33375E+03
 2.27993E+02	 6.39400E+03
 2.33072E+02	 6.45775E+03
 2.38148E+02	 6.51638E+03
 2.43221E+02	 6.55713E+03
 2.48291E+02	 6.63850E+03
 2.53359E+02	 6.69663E+03
 2.58423E+02	 6.76200E+03
 2.63485E+02	 6.81713E+03
 2.68544E+02	 6.90138E+03
 2.73600E+02	 6.95350E+03
 2.78654E+02	 7.02800E+03
 2.83704E+02	 7.08600E+03
 2.88752E+02	 7.14113E+03
 2.93797E+02	 7.21088E+03
 2.98840E+02	 7.27625E+03
 3.03879E+02	 7.34588E+03
 3.08916E+02	 7.40925E+03
 3.13949E+02	 7.48438E+03
 3.18980E+02	 7.56100E+03
 3.24009E+02	 7.62338E+03
 3.29034E+02	 7.67825E+03
 3.34057E+02	 7.77038E+03
 3.39077E+02	 7.82950E+03
 3.44094E+02	 7.90238E+03
 3.49108E+02	 7.97813E+03
 3.54120E+02	 8.02888E+03
 3.59129E+02	 8.11375E+03
 3.64135E+02	 8.18825E+03
 3.69138E+02	 8.26513E+03
 3.74138E+02	 8.33150E+03
 3.79136E+02	 8.40275E+03
 3.84131E+02	 8.48013E+03
 3.89123E+02	 8.53775E+03
 3.94113E+02	 8.61625E+03
 3.99099E+02	 8.68813E+03
 4.04083E+02	 8.75488E+03
 4.09064E+02	 8.82713E+03
 4.14043E+02	 8.90038E+03
 4.19019E+02	 8.98088E+03
 4.23991E+02	 9.07113E+03
 4.28962E+02	 9.14125E+03
 4.33929E+02	 9.20963E+03
 4.38894E+02	 9.28713E+03
 4.43856E+02	 9.37175E+03
 4.48815E+02	 9.46838E+03
 4.53771E+02	 9.52075E+03
 4.58725E+02	 9.59713E+03
 4.63676E+02	 9.67925E+03
 4.68625E+02	 9.75088E+03
 4.73570E+02	 9.83613E+03
 4.78513E+02	 9.92288E+03
 4.83453E+02	 9.99388E+03
 4.88391E+02	 1.00833E+04
 4.93325E+02	 1.01734E+04
 4.98257E+02	 1.02344E+04
 5.03187E+02	 1.03269E+04
 5.08113E+02	 1.04080E+04
 5.13037E+02	 1.04845E+04
 5.17958E+02	 1.05686E+04
 5.22877E+02	 1.06529E+04
 5.27792E+02	 1.07254E+04
 5.32706E+02	 1.08121E+04
 5.37616E+02	 1.08945E+04
 5.42524E+02	 1.09796E+04
 5.47429E+02	 1.10788E+04
 5.52331E+02	 1.11703E+04
 5.57230E+02	 1.12466E+04
 5.62127E+02	 1.13299E+04
 5.67022E+02	 1.14336E+04
 5.71913E+02	 1.15201E+04
 5.76802E+02	 1.15970E+04
 5.81688E+02	 1.16799E+04
 5.86572E+02	 1.17514E+04
 5.91452E+02	 1.18524E+04
 5.96331E+02	 1.19496E+04
 6.01206E+02	 1.20266E+04
 6.06079E+02	 1.21300E+04
 6.10949E+02	 1.21989E+04
 6.15817E+02	 1.22994E+04
 6.20681E+02	 1.23835E+04
 6.25544E+02	 1.24786E+04
 6.30403E+02	 1.25625E+04
 6.35260E+02	 1.26559E+04
 6.40114E+02	 1.27275E+04
 6.44966E+02	 1.28373E+04
 6.49815E+02	 1.29233E+04
 6.54661E+02	 1.30174E+04
 6.59505E+02	 1.31243E+04
 6.64346E+02	 1.31988E+04
 6.69184E+02	 1.32905E+04
 6.74020E+02	 1.33704E+04
 6.78853E+02	 1.34869E+04
 6.83683E+02	 1.35536E+04
 6.88511E+02	 1.36484E+04
 6.93336E+02	 1.37426E+04
 6.98159E+02	 1.38225E+04
 7.02978E+02	 1.39306E+04
 7.07796E+02	 1.40174E+04
 7.12610E+02	 1.41108E+04
 7.17422E+02	 1.41993E+04
 7.22232E+02	 1.43036E+04
 7.27039E+02	 1.44143E+04
 7.31843E+02	 1.44914E+04
 7.36644E+02	 1.45794E+04
 7.41443E+02	 1.47011E+04
 7.46240E+02	 1.47848E+04
 7.51033E+02	 1.48724E+04
 7.55825E+02	 1.49745E+04
 7.60613E+02	 1.50674E+04
 7.65399E+02	 1.51558E+04
 7.70182E+02	 1.52745E+04
 7.74963E+02	 1.53533E+04
 7.79741E+02	 1.54593E+04
 7.84517E+02	 1.55484E+04
 7.89290E+02	 1.56259E+04
 7.94060E+02	 1.57510E+04
 7.98828E+02	 1.58541E+04
 8.03593E+02	 1.59129E+04
 8.08356E+02	 1.60350E+04
 8.13116E+02	 1.61246E+04
 8.17873E+02	 1.62324E+04
 8.22628E+02	 1.63160E+04
 8.27380E+02	 1.64068E+04
 8.32130E+02	 1.65171E+04
 8.36877E+02	 1.65988E+04
 8.41622E+02	 1.67045E+04
 8.46364E+02	 1.67958E+04
 8.51103E+02	 1.69093E+04
 8.55840E+02	 1.69858E+04
 8.60575E+02	 1.70905E+04
 8.65306E+02	 1.71839E+04
 8.70036E+02	 1.72748E+04
 8.74762E+02	 1.73766E+04
 8.79486E+02	 1.74631E+04
 8.84208E+02	 1.75520E+04
 8.88927E+02	 1.76549E+04
 8.93644E+02	 1.77471E+04
 8.98357E+02	 1.78425E+04
 9.03069E+02	 1.79430E+04
 9.07778E+02	 1.80050E+04
 9.12484E+02	 1.81124E+04
 9.17188E+02	 1.82066E+04
 9.21889E+02	 1.83084E+04
 9.26588E+02	 1.83813E+04
 9.31284E+02	 1.84874E+04
 9.35977E+02	 1.85863E+04
 9.40669E+02	 1.86650E+04
 9.45357E+02	 1.87523E+04
 9.50043E+02	 1.88535E+04
 9.54727E+02	 1.89475E+04
 9.59408E+02	 1.90380E+04
 9.64086E+02	 1.91309E+04
 9.68762E+02	 1.92406E+04
 9.73436E+02	 1.93016E+04
 9.78107E+02	 1.94008E+04
 9.82775E+02	 1.94830E+04
 9.87441E+02	 1.95750E+04
 9.92104E+02	 1.96485E+04
 9.96765E+02	 1.97438E+04
 1.00142E+03	 1.98410E+04
 1.00608E+03	 1.99345E+04
 1.01073E+03	 2.00086E+04
 1.01538E+03	 2.00974E+04
 1.02003E+03	 2.01883E+04
 1.02468E+03	 2.02586E+04
 1.02932E+03	 2.03414E+04
 1.03396E+03	 2.04568E+04
 1.03860E+03	 2.05191E+04
 1.04324E+03	 2.06019E+04
 1.04787E+03	 2.06625E+04
 1.05250E+03	 2.07098E+04
 1.05713E+03	 2.08060E+04
 1.06176E+03	 2.08819E+04
 1.06638E+03	 2.09660E+04
 1.07100E+03	 2.10701E+04
 1.07562E+03	 2.11405E+04
 1.08024E+03	 2.11998E+04
 1.08485E+03	 2.12648E+04
 1.08946E+03	 2.13413E+04
 1.09407E+03	 2.14161E+04
 1.09868E+03	 2.14848E+04
 1.10328E+03	 2.15569E+04
 1.10788E+03	 2.16024E+04
 1.11248E+03	 2.16688E+04
 1.11708E+03	 2.17585E+04
 1.12167E+03	 2.18233E+04
 1.12626E+03	 2.18808E+04
 1.13085E+03	 2.19319E+04
 1.13544E+03	 2.20098E+04
 1.14002E+03	 2.20436E+04
 1.14460E+03	 2.21081E+04
 1.14918E+03	 2.21658E+04
 1.15376E+03	 2.22153E+04
 1.15833E+03	 2.22773E+04
 1.16291E+03	 2.23251E+04
 1.16748E+03	 2.23943E+04
 1.17204E+03	 2.24254E+04
 1.17661E+03	 2.25086E+04
 1.18117E+03	 2.25419E+04
 1.18573E+03	 2.26093E+04
 1.19029E+03	 2.26540E+04
 1.19484E+03	 2.27070E+04
 1.19939E+03	 2.27664E+04
 1.20394E+03	 2.28136E+04
 1.20849E+03	 2.28645E+04
 1.21304E+03	 2.29194E+04
 1.21758E+03	 2.29533E+04
 1.22212E+03	 2.30228E+04
 1.22666E+03	 2.30603E+04
 1.23119E+03	 2.31115E+04
 1.23573E+03	 2.31673E+04
 1.24026E+03	 2.32224E+04
 1.24479E+03	 2.32629E+04
 1.24931E+03	 2.33181E+04
 1.25384E+03	 2.33383E+04
 1.25836E+03	 2.34099E+04
 1.26288E+03	 2.34343E+04
 1.26739E+03	 2.34911E+04
 1.27191E+03	 2.35614E+04
 1.27642E+03	 2.35911E+04
 1.28093E+03	 2.36114E+04
 1.28543E+03	 2.36486E+04
 1.28994E+03	 2.37269E+04
 1.29444E+03	 2.37704E+04
 1.29894E+03	 2.38065E+04
 1.30344E+03	 2.38653E+04
 1.30793E+03	 2.38619E+04
 1.31243E+03	 2.39496E+04
 1.31692E+03	 2.39526E+04
 1.32140E+03	 2.40381E+04
 1.32589E+03	 2.40746E+04
 1.33037E+03	 2.41350E+04
 1.33485E+03	 2.41249E+04
 1.33933E+03	 2.41978E+04
 1.34381E+03	 2.42331E+04
 1.34828E+03	 2.42759E+04
 1.35275E+03	 2.43431E+04
 1.35722E+03	 2.43845E+04
 1.36169E+03	 2.44195E+04
 1.36615E+03	 2.44676E+04
 1.37061E+03	 2.45181E+04
 1.37507E+03	 2.45761E+04
 1.37953E+03	 2.46106E+04
 1.38398E+03	 2.46376E+04
 1.38844E+03	 2.47056E+04
 1.39289E+03	 2.47298E+04
 1.39733E+03	 2.47884E+04
 1.40178E+03	 2.48208E+04
 1.40622E+03	 2.48293E+04
 1.41066E+03	 2.48986E+04
 1.41510E+03	 2.49170E+04
 1.41954E+03	 2.49696E+04
 1.42397E+03	 2.50395E+04
 1.42840E+03	 2.50438E+04
 1.43283E+03	 2.51020E+04
 1.43726E+03	 2.51671E+04
 1.44168E+03	 2.52039E+04
 1.44610E+03	 2.52430E+04
 1.45052E+03	 2.52610E+04
 1.45494E+03	 2.53568E+04
 1.45936E+03	 2.53814E+04
 1.46377E+03	 2.54373E+04
 1.46818E+03	 2.54630E+04
 1.47259E+03	 2.55124E+04
 1.47699E+03	 2.55580E+04
 1.48140E+03	 2.55981E+04
 1.48580E+03	 2.56748E+04
 1.49020E+03	 2.56936E+04
 1.49459E+03	 2.57680E+04
 1.49899E+03	 2.58068E+04
 1.50338E+03	 2.58574E+04
 1.50777E+03	 2.58750E+04
 1.51216E+03	 2.59508E+04
 1.51654E+03	 2.59696E+04
 1.52092E+03	 2.60121E+04
 1.52530E+03	 2.60546E+04
 1.52968E+03	 2.61121E+04
 1.53406E+03	 2.61559E+04
 1.53843E+03	 2.62034E+04
 1.54280E+03	 2.62124E+04
 1.54717E+03	 2.62909E+04
 1.55154E+03	 2.63219E+04
 1.55590E+03	 2.63826E+04
 1.56027E+03	 2.64091E+04
 1.56463E+03	 2.64573E+04
 1.56898E+03	 2.65321E+04
 1.57334E+03	 2.65596E+04
 1.57769E+03	 2.66038E+04
 1.58204E+03	 2.66596E+04
 1.58639E+03	 2.67034E+04
 1.59074E+03	 2.67296E+04
 1.59508E+03	 2.67865E+04
 1.59942E+03	 2.68104E+04
 1.60376E+03	 2.69023E+04
 1.60810E+03	 2.69115E+04
 1.61243E+03	 2.69669E+04
 1.61677E+03	 2.70063E+04
 1.62110E+03	 2.70545E+04
 1.62542E+03	 2.70804E+04
 1.62975E+03	 2.71438E+04
 1.63407E+03	 2.71700E+04
 1.63840E+03	 2.72470E+04
 1.64271E+03	 2.72709E+04
 1.64703E+03	 2.72956E+04
 1.65135E+03	 2.73735E+04
 1.65566E+03	 2.74010E+04
 1.65997E+03	 2.74669E+04
 1.66428E+03	 2.75151E+04
 1.66858E+03	 2.75570E+04
 1.67289E+03	 2.76090E+04
 1.67719E+03	 2.76785E+04
 1.68149E+03	 2.76926E+04
 1.68578E+03	 2.77189E+04
 1.69008E+03	 2.77805E+04
 1.69437E+03	 2.78166E+04
 1.69866E+03	 2.78725E+04
 1.70295E+03	 2.79146E+04
 1.70723E+03	 2.79789E+04
 1.71152E+03	 2.80169E+04
 1.71580E+03	 2.80414E+04
 1.72008E+03	 2.80994E+04
 1.72435E+03	 2.81363E+04
 1.72863E+03	 2.81729E+04
 1.73290E+03	 2.82710E+04
 1.73717E+03	 2.83045E+04
 1.74144E+03	 2.83403E+04
 1.74570E+03	 2.83899E+04
 1.74997E+03	 2.84295E+04
 1.75423E+03	 2.84494E+04
 1.75849E+03	 2.85323E+04
 1.76274E+03	 2.85753E+04
 1.76700E+03	 2.85971E+04
 1.77125E+03	 2.86680E+04
 1.77550E+03	 2.87020E+04
 1.77975E+03	 2.87256E+04
 1.78399E+03	 2.88043E+04
 1.78824E+03	 2.88060E+04
 1.79248E+03	 2.88549E+04
 1.79672E+03	 2.89321E+04
 1.80095E+03	 2.89454E+04
 1.80519E+03	 2.90106E+04
 1.80942E+03	 2.90405E+04
 1.81365E+03	 2.90890E+04
 1.81788E+03	 2.91410E+04
 1.82211E+03	 2.92168E+04
 1.82633E+03	 2.92599E+04
 1.83055E+03	 2.92898E+04
 1.83477E+03	 2.93233E+04
 1.83899E+03	 2.93671E+04
 1.84320E+03	 2.94420E+04
 1.84742E+03	 2.94980E+04
 1.85163E+03	 2.95161E+04
 1.85584E+03	 2.95305E+04
 1.86004E+03	 2.96166E+04
 1.86425E+03	 2.96643E+04
 1.86845E+03	 2.96936E+04
 1.87265E+03	 2.97009E+04
 1.87685E+03	 2.97675E+04
 1.88104E+03	 2.98248E+04
 1.88524E+03	 2.98216E+04
 1.88943E+03	 2.99079E+04
 1.89362E+03	 2.99285E+04
 1.89780E+03	 2.99706E+04
 1.90199E+03	 3.00398E+04
 1.90617E+03	 3.00471E+04
 1.91035E+03	 3.00951E+04
 1.91453E+03	 3.01546E+04
 1.91871E+03	 3.01730E+04
 1.92288E+03	 3.02651E+04
 1.92705E+03	 3.02979E+04
 1.93122E+03	 3.03763E+04
 1.93539E+03	 3.04020E+04
 1.93956E+03	 3.04470E+04
 1.94372E+03	 3.04784E+04
 1.94788E+03	 3.05414E+04
 1.95204E+03	 3.05869E+04
 1.95620E+03	 3.06129E+04
 1.96035E+03	 3.07066E+04
 1.96451E+03	 3.07628E+04
 1.96866E+03	 3.07478E+04
 1.97280E+03	 3.08326E+04
 1.97695E+03	 3.08564E+04
 1.98110E+03	 3.09174E+04
 1.98524E+03	 3.09743E+04
 1.98938E+03	 3.09936E+04
 1.99352E+03	 3.10325E+04
 1.99765E+03	 3.10689E+04
 2.00179E+03	 3.11234E+04
 2.00592E+03	 3.11515E+04
 2.01005E+03	 3.11809E+04
 2.01417E+03	 3.12458E+04
 2.01830E+03	 3.12735E+04
 2.02242E+03	 3.13521E+04
 2.02654E+03	 3.14146E+04
 2.03066E+03	 3.14440E+04
 2.03478E+03	 3.14996E+04
 2.03889E+03	 3.15630E+04
 2.04301E+03	 3.16070E+04
 2.04712E+03	 3.16489E+04
 2.05123E+03	 3.16913E+04
 2.05533E+03	 3.17370E+04
 2.05944E+03	 3.17978E+04
 2.06354E+03	 3.18403E+04
 2.06764E+03	 3.18726E+04
 2.07174E+03	 3.19120E+04
 2.07583E+03	 3.19284E+04
 2.07993E+03	 3.20259E+04
 2.08402E+03	 3.20386E+04
 2.08811E+03	 3.20834E+04
 2.09219E+03	 3.21268E+04
 2.09628E+03	 3.21714E+04
 2.10036E+03	 3.22181E+04
 2.10444E+03	 3.22629E+04
 2.10852E+03	 3.23106E+04
 2.11260E+03	 3.23426E+04
 2.11668E+03	 3.24170E+04
 2.12075E+03	 3.24296E+04
 2.12482E+03	 3.25019E+04
 2.12889E+03	 3.25558E+04
 2.13296E+03	 3.25800E+04
 2.13702E+03	 3.26396E+04
 2.14108E+03	 3.26899E+04
 2.14514E+03	 3.27266E+04
 2.14920E+03	 3.27988E+04
 2.15326E+03	 3.27998E+04
 2.15731E+03	 3.28913E+04
 2.16137E+03	 3.29393E+04
 2.16542E+03	 3.29844E+04
 2.16946E+03	 3.29920E+04
 2.17351E+03	 3.30235E+04
 2.17755E+03	 3.30859E+04
 2.18160E+03	 3.31136E+04
 2.18564E+03	 3.31580E+04
 2.18967E+03	 3.32115E+04
 2.19371E+03	 3.32534E+04
 2.19774E+03	 3.32946E+04
 2.20178E+03	 3.33206E+04
 2.20581E+03	 3.33824E+04
 2.20983E+03	 3.33775E+04
 2.21386E+03	 3.34586E+04
 2.21788E+03	 3.34941E+04
 2.22190E+03	 3.35333E+04
 2.22592E+03	 3.35710E+04
 2.22994E+03	 3.36598E+04
 2.23396E+03	 3.36669E+04
 2.23797E+03	 3.37115E+04
 2.24198E+03	 3.37421E+04
 2.24599E+03	 3.37805E+04
 2.25000E+03	 3.38191E+04
 2.25401E+03	 3.39004E+04
 2.25801E+03	 3.38860E+04
 2.26201E+03	 3.39879E+04
 2.26601E+03	 3.39893E+04
 2.27001E+03	 3.40313E+04
 2.27400E+03	 3.40751E+04
 2.27800E+03	 3.41296E+04
 2.28199E+03	 3.42289E+04
 2.28598E+03	 3.42291E+04
 2.28996E+03	 3.43011E+04
 2.29395E+03	 3.43104E+04
 2.29793E+03	 3.43753E+04
 2.30191E+03	 3.43819E+04
 2.30589E+03	 3.44400E+04
 2.30987E+03	 3.44939E+04
 2.31384E+03	 3.45196E+04
 2.31782E+03	 3.45993E+04
 2.32179E+03	 3.46020E+04
 2.32576E+03	 3.46269E+04
 2.32973E+03	 3.46861E+04
 2.33369E+03	 3.47410E+04
 2.33765E+03	 3.47923E+04
 2.34162E+03	 3.48455E+04
 2.34557E+03	 3.48791E+04
 2.34953E+03	 3.49214E+04
 2.35349E+03	 3.49910E+04
 2.35744E+03	 3.50895E+04
 2.36139E+03	 3.50843E+04
 2.36534E+03	 3.51203E+04
 2.36929E+03	 3.51773E+04
 2.37323E+03	 3.52139E+04
 2.37718E+03	 3.52554E+04
 2.38112E+03	 3.53081E+04
 2.38506E+03	 3.53704E+04
 2.38900E+03	 3.54080E+04
 2.39293E+03	 3.54164E+04
 2.39686E+03	 3.54658E+04
 2.40080E+03	 3.54779E+04
 2.40473E+03	 3.55183E+04
 2.40865E+03	 3.55755E+04
 2.41258E+03	 3.56105E+04
 2.41650E+03	 3.56951E+04
 2.42042E+03	 3.57176E+04
 2.42434E+03	 3.57740E+04
 2.42826E+03	 3.58091E+04
 2.43218E+03	 3.58441E+04
 2.43609E+03	 3.59079E+04
 2.44000E+03	 3.59344E+04
 2.44391E+03	 3.60149E+04
 2.44782E+03	 3.60761E+04
 2.45173E+03	 3.60863E+04
 2.45563E+03	 3.61403E+04
 2.45953E+03	 3.61563E+04
 2.46343E+03	 3.62418E+04
 2.46733E+03	 3.63146E+04
 2.47123E+03	 3.63831E+04
 2.47512E+03	 3.63953E+04
 2.47902E+03	 3.63989E+04
 2.48291E+03	 3.64691E+04
 2.48679E+03	 3.65386E+04
 2.49068E+03	 3.65623E+04
 2.49457E+03	 3.65865E+04
 2.49845E+03	 3.66529E+04
 2.50233E+03	 3.67003E+04
 2.50621E+03	 3.67845E+04
 2.51008E+03	 3.68103E+04
 2.51396E+03	 3.68140E+04
 2.51783E+03	 3.68459E+04
 2.52170E+03	 3.69143E+04
 2.52557E+03	 3.69921E+04
 2.52944E+03	 3.70333E+04
 2.53331E+03	 3.70750E+04
 2.53717E+03	 3.71263E+04
 2.54103E+03	 3.71419E+04
 2.54489E+03	 3.72185E+04
 2.54875E+03	 3.72409E+04
 2.55260E+03	 3.73381E+04
 2.55646E+03	 3.73718E+04
 2.56031E+03	 3.74294E+04
 2.56416E+03	 3.74364E+04
 2.56801E+03	 3.74889E+04
 2.57185E+03	 3.75236E+04
 2.57570E+03	 3.75735E+04
 2.57954E+03	 3.76186E+04
 2.58338E+03	 3.76816E+04
 2.58722E+03	 3.77076E+04
 2.59105E+03	 3.77673E+04
 2.59489E+03	 3.78265E+04
 2.59872E+03	 3.78613E+04
 2.60255E+03	 3.79131E+04
 2.60638E+03	 3.79493E+04
 2.61021E+03	 3.79979E+04
 2.61403E+03	 3.80844E+04
 2.61786E+03	 3.80871E+04
 2.62168E+03	 3.81379E+04
 2.62550E+03	 3.81688E+04
 2.62932E+03	 3.82011E+04
 2.63313E+03	 3.82755E+04
 2.63695E+03	 3.83098E+04
 2.64076E+03	 3.83938E+04
 2.64457E+03	 3.84154E+04
 2.64838E+03	 3.84600E+04
 2.65218E+03	 3.85326E+04
 2.65599E+03	 3.85539E+04
 2.65979E+03	 3.86090E+04
 2.66359E+03	 3.86234E+04
 2.66739E+03	 3.86855E+04
 2.67118E+03	 3.87478E+04
 2.67498E+03	 3.88118E+04
 2.67877E+03	 3.88736E+04
 2.68256E+03	 3.88978E+04
 2.68635E+03	 3.89729E+04
 2.69014E+03	 3.89669E+04
 2.69393E+03	 3.90500E+04
 2.69771E+03	 3.90984E+04
 2.70149E+03	 3.91245E+04
 2.70527E+03	 3.91369E+04
 2.70905E+03	 3.92230E+04
 2.71283E+03	 3.92630E+04
 2.71660E+03	 3.93126E+04
 2.72037E+03	 3.93429E+04
 2.72414E+03	 3.93988E+04
 2.72791E+03	 3.94503E+04
 2.73168E+03	 3.95039E+04
 2.73544E+03	 3.95476E+04
 2.73921E+03	 3.95995E+04
 2.74297E+03	 3.96661E+04
 2.74673E+03	 3.97331E+04
 2.75049E+03	 3.97375E+04
 2.75424E+03	 3.97729E+04
 2.75800E+03	 3.98473E+04
 2.76175E+03	 3.98685E+04
 2.76550E+03	 3.99353E+04
 2.76925E+03	 4.00208E+04
 2.77299E+03	 4.00383E+04
 2.77674E+03	 4.01215E+04
 2.78048E+03	 4.01504E+04
 2.78422E+03	 4.02093E+04
 2.78796E+03	 4.02223E+04
 2.79170E+03	 4.02991E+04
 2.79544E+03	 4.03726E+04
 2.79917E+03	 4.04076E+04
 2.80290E+03	 4.04419E+04
 2.80663E+03	 4.04805E+04
 2.81036E+03	 4.05425E+04
 2.81409E+03	 4.06008E+04
 2.81781E+03	 4.06200E+04
 2.82153E+03	 4.07261E+04
 2.82525E+03	 4.07416E+04
 2.82897E+03	 4.07736E+04
 2.83269E+03	 4.08464E+04
 2.83641E+03	 4.08788E+04
 2.84012E+03	 4.09075E+04
 2.84383E+03	 4.09675E+04
 2.84754E+03	 4.10369E+04
 2.85125E+03	 4.11068E+04
 2.85496E+03	 4.11190E+04
 2.85866E+03	 4.11911E+04
 2.86236E+03	 4.12284E+04
 2.86606E+03	 4.12815E+04
 2.86976E+03	 4.13213E+04
 2.87346E+03	 4.13808E+04
 2.87716E+03	 4.14174E+04
 2.88085E+03	 4.14770E+04
 2.88454E+03	 4.15539E+04
 2.88823E+03	 4.15943E+04
 2.89192E+03	 4.16304E+04
 2.89561E+03	 4.16644E+04
 2.89929E+03	 4.17275E+04
 2.90297E+03	 4.18078E+04
 2.90666E+03	 4.18216E+04
 2.91033E+03	 4.18694E+04
 2.91401E+03	 4.19875E+04
 2.91769E+03	 4.19794E+04
 2.92136E+03	 4.20324E+04
 2.92503E+03	 4.21030E+04
 2.92870E+03	 4.21449E+04
 2.93237E+03	 4.21748E+04
 2.93604E+03	 4.22314E+04
 2.93970E+03	 4.22364E+04
 2.94337E+03	 4.23680E+04
 2.94703E+03	 4.23850E+04
 2.95069E+03	 4.24230E+04
 2.95435E+03	 4.25143E+04
 2.95800E+03	 4.25694E+04
 2.96166E+03	 4.25750E+04
 2.96531E+03	 4.26501E+04
 2.96896E+03	 4.26933E+04
 2.97261E+03	 4.27866E+04
 2.97626E+03	 4.28428E+04
 2.97990E+03	 4.28945E+04
 2.98354E+03	 4.29319E+04
 2.98719E+03	 4.29823E+04
 2.99083E+03	 4.30378E+04
 2.99446E+03	 4.31091E+04
 2.99810E+03	 4.31509E+04
 3.00174E+03	 4.32088E+04
 3.00537E+03	 4.32800E+04
 3.00900E+03	 4.32555E+04
 3.01263E+03	 4.33111E+04
 3.01626E+03	 4.33613E+04
 3.01988E+03	 4.34143E+04
 3.02351E+03	 4.34879E+04
 3.02713E+03	 4.35334E+04
 3.03075E+03	 4.35644E+04
 3.03437E+03	 4.36420E+04
 3.03799E+03	 4.36498E+04
 3.04160E+03	 4.37261E+04
 3.04521E+03	 4.37395E+04
 3.04883E+03	 4.37779E+04
 3.05244E+03	 4.38606E+04
 3.05605E+03	 4.38300E+04
 3.05965E+03	 4.38814E+04
 3.06326E+03	 4.39884E+04
 3.06686E+03	 4.39995E+04
 3.07046E+03	 4.40206E+04
 3.07406E+03	 4.40774E+04
 3.07766E+03	 4.41343E+04
 3.08125E+03	 4.41855E+04
 3.08485E+03	 4.42461E+04
 3.08844E+03	 4.42970E+04
 3.09203E+03	 4.43251E+04
 3.09562E+03	 4.44074E+04
 3.09921E+03	 4.44220E+04
 3.10280E+03	 4.44556E+04
 3.10638E+03	 4.45261E+04
 3.10996E+03	 4.45375E+04
 3.11354E+03	 4.46770E+04
 3.11712E+03	 4.46779E+04
 3.12070E+03	 4.47276E+04
 3.12427E+03	 4.47856E+04
 3.12785E+03	 4.48025E+04
 3.13142E+03	 4.48925E+04
 3.13499E+03	 4.49255E+04
 3.13856E+03	 4.49699E+04
 3.14212E+03	 4.50628E+04
 3.14569E+03	 4.50629E+04
 3.14925E+03	 4.51243E+04
 3.15281E+03	 4.51668E+04
 3.15637E+03	 4.51794E+04
 3.15993E+03	 4.52423E+04
 3.16349E+03	 4.52806E+04
 3.16704E+03	 4.53804E+04
 3.17060E+03	 4.54285E+04
 3.17415E+03	 4.54971E+04
 3.17770E+03	 4.54863E+04
 3.18124E+03	 4.55614E+04
 3.18479E+03	 4.56169E+04
 3.18834E+03	 4.56613E+04
 3.19188E+03	 4.57878E+04
 3.19542E+03	 4.57796E+04
 3.19896E+03	 4.58679E+04
 3.20250E+03	 4.58763E+04
 3.20603E+03	 4.59451E+04
 3.20957E+03	 4.59649E+04
 3.21310E+03	 4.60185E+04
 3.21663E+03	 4.60975E+04
 3.22016E+03	 4.61149E+04
 3.22369E+03	 4.61814E+04
 3.22721E+03	 4.62753E+04
 3.23074E+03	 4.62958E+04
 3.23426E+03	 4.63410E+04
 3.23778E+03	 4.63801E+04
 3.24130E+03	 4.64374E+04
 3.24481E+03	 4.64813E+04
 3.24833E+03	 4.65324E+04
 3.25184E+03	 4.65538E+04
 3.25536E+03	 4.66359E+04
 3.25887E+03	 4.66803E+04
 3.26238E+03	 4.67546E+04
 3.26588E+03	 4.67976E+04
 3.26939E+03	 4.68374E+04
 3.27289E+03	 4.68665E+04
 3.27639E+03	 4.69388E+04
 3.27989E+03	 4.69353E+04
 3.28339E+03	 4.70083E+04
 3.28689E+03	 4.70579E+04
 3.29039E+03	 4.71544E+04
 3.29388E+03	 4.71923E+04
 3.29737E+03	 4.72224E+04
 3.30086E+03	 4.72378E+04
 3.30435E+03	 4.73489E+04
 3.30784E+03	 4.73540E+04
 3.31132E+03	 4.73929E+04
 3.31481E+03	 4.74386E+04
 3.31829E+03	 4.74370E+04
 3.32177E+03	 4.75474E+04
 3.32525E+03	 4.76084E+04
 3.32873E+03	 4.76319E+04
 3.33220E+03	 4.76791E+04
 3.33567E+03	 4.76673E+04
 3.33915E+03	 4.77559E+04
 3.34262E+03	 4.77705E+04
 3.34609E+03	 4.78309E+04
 3.34955E+03	 4.78709E+04
 3.35302E+03	 4.78999E+04
 3.35648E+03	 4.80028E+04
 3.35994E+03	 4.79945E+04
 3.36341E+03	 4.80236E+04
 3.36686E+03	 4.81074E+04
 3.37032E+03	 4.81003E+04
 3.37378E+03	 4.81874E+04
 3.37723E+03	 4.82390E+04
 3.38068E+03	 4.82564E+04
 3.38413E+03	 4.83229E+04
 3.38758E+03	 4.83654E+04
 3.39103E+03	 4.84156E+04
 3.39448E+03	 4.84040E+04
 3.39792E+03	 4.85051E+04
 3.40136E+03	 4.84901E+04
 3.40480E+03	 4.85706E+04
 3.40824E+03	 4.85824E+04
 3.41168E+03	 4.86359E+04
 3.41512E+03	 4.86956E+04
 3.41855E+03	 4.87365E+04
 3.42198E+03	 4.87729E+04
 3.42541E+03	 4.87791E+04
 3.42884E+03	 4.88411E+04
 3.43227E+03	 4.88728E+04
 3.43570E+03	 4.89633E+04
 3.43912E+03	 4.90086E+04
 3.44254E+03	 4.90514E+04
 3.44597E+03	 4.90524E+04
 3.44939E+03	 4.91038E+04
 3.45280E+03	 4.91448E+04
 3.45622E+03	 4.92173E+04
 3.45963E+03	 4.92535E+04
 3.46305E+03	 4.92956E+04
 3.46646E+03	 4.93108E+04
 3.46987E+03	 4.93828E+04
 3.47328E+03	 4.94210E+04
 3.47668E+03	 4.94628E+04
 3.48009E+03	 4.95363E+04
 3.48349E+03	 4.95956E+04
 3.48689E+03	 4.96036E+04
 3.49029E+03	 4.96846E+04
 3.49369E+03	 4.97733E+04
 3.49709E+03	 4.97828E+04
 3.50049E+03	 4.98029E+04
 3.50388E+03	 4.98495E+04
 3.50727E+03	 4.99003E+04
 3.51066E+03	 4.99099E+04
 3.51405E+03	 4.99161E+04
 3.51744E+03	 5.00288E+04
 3.52082E+03	 5.00280E+04
 3.52421E+03	 5.00964E+04
 3.52759E+03	 5.01310E+04
 3.53097E+03	 5.01593E+04
 3.53435E+03	 5.01768E+04
 3.53773E+03	 5.01866E+04
 3.54110E+03	 5.02706E+04
 3.54448E+03	 5.03040E+04
 3.54785E+03	 5.03499E+04
 3.55122E+03	 5.03914E+04
 3.55459E+03	 5.04764E+04
 3.55796E+03	 5.05150E+04
 3.56133E+03	 5.05631E+04
 3.56469E+03	 5.06238E+04
 3.56806E+03	 5.06684E+04
 3.57142E+03	 5.06800E+04
 3.57478E+03	 5.07296E+04
 3.57814E+03	 5.07821E+04
 3.58149E+03	 5.08300E+04
 3.58485E+03	 5.08383E+04
 3.58820E+03	 5.08868E+04
 3.59156E+03	 5.09250E+04
 3.59491E+03	 5.09676E+04
 3.59826E+03	 5.10958E+04
 3.60160E+03	 5.10779E+04
 3.60495E+03	 5.11023E+04
 3.60829E+03	 5.11590E+04
 3.61164E+03	 5.11661E+04
 3.61498E+03	 5.12378E+04
 3.61832E+03	 5.12774E+04
 3.62166E+03	 5.13103E+04
 3.62499E+03	 5.13875E+04
 3.62833E+03	 5.14184E+04
 3.63166E+03	 5.14363E+04
 3.63499E+03	 5.14626E+04
 3.63832E+03	 5.15070E+04
 3.64165E+03	 5.15340E+04
 3.64498E+03	 5.15868E+04
 3.64831E+03	 5.16534E+04
 3.65163E+03	 5.16878E+04
 3.65495E+03	 5.17194E+04
 3.65827E+03	 5.17645E+04
 3.66159E+03	 5.18475E+04
 3.66491E+03	 5.17898E+04
 3.66823E+03	 5.18974E+04
 3.67154E+03	 5.19343E+04
 3.67485E+03	 5.19893E+04
 3.67817E+03	 5.20339E+04
 3.68148E+03	 5.20256E+04
 3.68478E+03	 5.21181E+04
 3.68809E+03	 5.21353E+04
 3.69140E+03	 5.21520E+04
 3.69470E+03	 5.22326E+04
 3.69800E+03	 5.22491E+04
 3.70130E+03	 5.22765E+04
 3.70460E+03	 5.23031E+04
 3.70790E+03	 5.23831E+04
 3.71120E+03	 5.24414E+04
 3.71449E+03	 5.24919E+04
 3.71778E+03	 5.24554E+04
 3.72108E+03	 5.25574E+04
 3.72437E+03	 5.25561E+04
 3.72765E+03	 5.26146E+04
 3.73094E+03	 5.26041E+04
 3.73423E+03	 5.26421E+04
 3.73751E+03	 5.26830E+04
 3.74079E+03	 5.27415E+04
 3.74407E+03	 5.27690E+04
 3.74735E+03	 5.28491E+04
 3.75063E+03	 5.29330E+04
 3.75391E+03	 5.29163E+04
 3.75718E+03	 5.29573E+04
 3.76045E+03	 5.29925E+04
 3.76373E+03	 5.30601E+04
 3.76700E+03	 5.30484E+04
 3.77026E+03	 5.31236E+04
 3.77353E+03	 5.31348E+04
 3.77680E+03	 5.31846E+04
 3.78006E+03	 5.32071E+04
 3.78332E+03	 5.32791E+04
 3.78658E+03	 5.33295E+04
 3.78984E+03	 5.33340E+04
 3.79310E+03	 5.33576E+04
 3.79636E+03	 5.33974E+04
 3.79961E+03	 5.34335E+04
 3.80287E+03	 5.34860E+04
 3.80612E+03	 5.34704E+04
 3.80937E+03	 5.34765E+04
 3.81262E+03	 5.35656E+04
 3.81586E+03	 5.36146E+04
 3.81911E+03	 5.36116E+04
 3.82235E+03	 5.37475E+04
 3.82560E+03	 5.37356E+04
 3.82884E+03	 5.38098E+04
 3.83208E+03	 5.38498E+04
 3.83532E+03	 5.38468E+04
 3.83855E+03	 5.38866E+04
 3.84179E+03	 5.39279E+04
 3.84502E+03	 5.40169E+04
 3.84825E+03	 5.39785E+04
 3.85148E+03	 5.40445E+04
 3.85471E+03	 5.41069E+04
 3.85794E+03	 5.41341E+04
 3.86117E+03	 5.42099E+04
 3.86439E+03	 5.42640E+04
 3.86762E+03	 5.42349E+04
 3.87084E+03	 5.42815E+04
 3.87406E+03	 5.42903E+04
 3.87728E+03	 5.43563E+04
 3.88049E+03	 5.44075E+04
 3.88371E+03	 5.44306E+04
 3.88692E+03	 5.44939E+04
 3.89014E+03	 5.45229E+04
 3.89335E+03	 5.45896E+04
 3.89656E+03	 5.46064E+04
 3.89977E+03	 5.46743E+04
 3.90297E+03	 5.47038E+04
 3.90618E+03	 5.48141E+04
 3.90938E+03	 5.47579E+04
 3.91258E+03	 5.48788E+04
 3.91579E+03	 5.48854E+04
 3.91898E+03	 5.48960E+04
 3.92218E+03	 5.49831E+04
 3.92538E+03	 5.50339E+04
 3.92857E+03	 5.50900E+04
 3.93177E+03	 5.50780E+04
 3.93496E+03	 5.51618E+04
 3.93815E+03	 5.52301E+04
 3.94134E+03	 5.52484E+04
 3.94453E+03	 5.52750E+04
 3.94771E+03	 5.53156E+04
 3.95090E+03	 5.53851E+04
 3.95408E+03	 5.53740E+04
 3.95726E+03	 5.54089E+04
 3.96044E+03	 5.54649E+04
 3.96362E+03	 5.55204E+04
 3.96680E+03	 5.55504E+04
 3.96997E+03	 5.56083E+04
 3.97315E+03	 5.56340E+04
 3.97632E+03	 5.56563E+04
 3.97949E+03	 5.57335E+04
 3.98266E+03	 5.57515E+04
 3.98583E+03	 5.57728E+04
 3.98900E+03	 5.58349E+04
 3.99216E+03	 5.58758E+04
 3.99533E+03	 5.58874E+04
 3.99849E+03	 5.59129E+04
 4.00165E+03	 5.59594E+04
 4.00481E+03	 5.60606E+04
 4.00797E+03	 5.60889E+04
 4.01113E+03	 5.60690E+04
 4.01428E+03	 5.62031E+04
 4.01744E+03	 5.62146E+04
 4.02059E+03	 5.62915E+04
 4.02374E+03	 5.63060E+04
 4.02689E+03	 5.63933E+04
 4.03004E+03	 5.63918E+04
 4.03318E+03	 5.64446E+04
 4.03633E+03	 5.64444E+04
 4.03947E+03	 5.65141E+04
 4.04262E+03	 5.65028E+04
 4.04576E+03	 5.65424E+04
 4.04890E+03	 5.65919E+04
 4.05203E+03	 5.66396E+04
 4.05517E+03	 5.66515E+04
 4.05831E+03	 5.67269E+04
 4.06144E+03	 5.59944E+04
