-1.03034E+02	 3.13050E+03
-9.77694E+01	 3.16788E+03
-9.25079E+01	 3.21025E+03
-8.72494E+01	 3.24700E+03
-8.19938E+01	 3.29050E+03
-7.67412E+01	 3.32250E+03
-7.14916E+01	 3.35938E+03
-6.62450E+01	 3.40600E+03
-6.10013E+01	 3.44688E+03
-5.57605E+01	 3.48175E+03
-5.05228E+01	 3.52500E+03
-4.52879E+01	 3.57813E+03
-4.00561E+01	 3.60800E+03
-3.48271E+01	 3.64838E+03
-2.96012E+01	 3.68325E+03
-2.43781E+01	 3.72563E+03
-1.91580E+01	 3.77913E+03
-1.39409E+01	 3.81063E+03
-8.72666E+00	 3.85950E+03
-3.51538E+00	 3.90725E+03
 1.69298E+00	 3.94588E+03
 6.89840E+00	 3.99400E+03
 1.21009E+01	 4.02763E+03
 1.73005E+01	 4.08225E+03
 2.24971E+01	 4.13025E+03
 2.76908E+01	 4.17325E+03
 3.28816E+01	 4.22075E+03
 3.80695E+01	 4.28113E+03
 4.32545E+01	 4.31750E+03
 4.84366E+01	 4.37575E+03
 5.36157E+01	 4.41250E+03
 5.87920E+01	 4.46713E+03
 6.39653E+01	 4.51663E+03
 6.91358E+01	 4.55513E+03
 7.43033E+01	 4.61838E+03
 7.94680E+01	 4.65163E+03
 8.46297E+01	 4.69975E+03
 8.97886E+01	 4.76400E+03
 9.49446E+01	 4.80775E+03
 1.00098E+02	 4.84875E+03
 1.05248E+02	 4.91088E+03
 1.10395E+02	 4.95900E+03
 1.15540E+02	 4.99838E+03
 1.20681E+02	 5.05688E+03
 1.25820E+02	 5.10225E+03
 1.30956E+02	 5.15375E+03
 1.36089E+02	 5.20375E+03
 1.41219E+02	 5.25400E+03
 1.46346E+02	 5.30950E+03
 1.51470E+02	 5.35475E+03
 1.56592E+02	 5.42425E+03
 1.61710E+02	 5.46875E+03
 1.66826E+02	 5.52200E+03
 1.71939E+02	 5.58450E+03
 1.77049E+02	 5.64050E+03
 1.82156E+02	 5.70475E+03
 1.87260E+02	 5.76475E+03
 1.92362E+02	 5.81425E+03
 1.97461E+02	 5.87500E+03
 2.02556E+02	 5.93838E+03
 2.07649E+02	 6.00288E+03
 2.12739E+02	 6.04438E+03
 2.17827E+02	 6.10650E+03
 2.22911E+02	 6.16563E+03
 2.27993E+02	 6.22600E+03
 2.33072E+02	 6.27613E+03
 2.38148E+02	 6.34963E+03
 2.43221E+02	 6.39513E+03
 2.48291E+02	 6.46750E+03
 2.53359E+02	 6.51875E+03
 2.58423E+02	 6.56700E+03
 2.63485E+02	 6.63025E+03
 2.68544E+02	 6.69775E+03
 2.73600E+02	 6.76563E+03
 2.78654E+02	 6.82013E+03
 2.83704E+02	 6.87938E+03
 2.88752E+02	 6.95738E+03
 2.93797E+02	 7.01938E+03
 2.98840E+02	 7.08663E+03
 3.03879E+02	 7.13138E+03
 3.08916E+02	 7.19763E+03
 3.13949E+02	 7.26600E+03
 3.18980E+02	 7.33175E+03
 3.24009E+02	 7.40438E+03
 3.29034E+02	 7.47763E+03
 3.34057E+02	 7.51950E+03
 3.39077E+02	 7.59938E+03
 3.44094E+02	 7.67250E+03
 3.49108E+02	 7.73913E+03
 3.54120E+02	 7.80113E+03
 3.59129E+02	 7.86700E+03
 3.64135E+02	 7.92825E+03
 3.69138E+02	 8.00538E+03
 3.74138E+02	 8.06438E+03
 3.79136E+02	 8.13538E+03
 3.84131E+02	 8.21225E+03
 3.89123E+02	 8.26788E+03
 3.94113E+02	 8.34463E+03
 3.99099E+02	 8.41863E+03
 4.04083E+02	 8.47388E+03
 4.09064E+02	 8.54850E+03
 4.14043E+02	 8.62700E+03
 4.19019E+02	 8.70063E+03
 4.23991E+02	 8.76250E+03
 4.28962E+02	 8.83738E+03
 4.33929E+02	 8.92000E+03
 4.38894E+02	 8.99675E+03
 4.43856E+02	 9.05263E+03
 4.48815E+02	 9.13975E+03
 4.53771E+02	 9.21675E+03
 4.58725E+02	 9.28338E+03
 4.63676E+02	 9.35463E+03
 4.68625E+02	 9.43063E+03
 4.73570E+02	 9.50575E+03
 4.78513E+02	 9.58888E+03
 4.83453E+02	 9.66463E+03
 4.88391E+02	 9.73625E+03
 4.93325E+02	 9.80513E+03
 4.98257E+02	 9.88125E+03
 5.03187E+02	 9.96438E+03
 5.08113E+02	 1.00375E+04
 5.13037E+02	 1.01191E+04
 5.17958E+02	 1.01910E+04
 5.22877E+02	 1.02793E+04
 5.27792E+02	 1.03598E+04
 5.32706E+02	 1.04184E+04
 5.37616E+02	 1.05190E+04
 5.42524E+02	 1.06086E+04
 5.47429E+02	 1.06773E+04
 5.52331E+02	 1.07733E+04
 5.57230E+02	 1.08461E+04
 5.62127E+02	 1.09138E+04
 5.67022E+02	 1.10008E+04
 5.71913E+02	 1.10828E+04
 5.76802E+02	 1.11628E+04
 5.81688E+02	 1.12545E+04
 5.86572E+02	 1.13420E+04
 5.91452E+02	 1.14173E+04
 5.96331E+02	 1.15051E+04
 6.01206E+02	 1.15753E+04
 6.06079E+02	 1.16634E+04
 6.10949E+02	 1.17428E+04
 6.15817E+02	 1.18331E+04
 6.20681E+02	 1.19051E+04
 6.25544E+02	 1.19956E+04
 6.30403E+02	 1.20924E+04
 6.35260E+02	 1.21738E+04
 6.40114E+02	 1.22473E+04
 6.44966E+02	 1.23445E+04
 6.49815E+02	 1.24315E+04
 6.54661E+02	 1.25005E+04
 6.59505E+02	 1.25823E+04
 6.64346E+02	 1.26883E+04
 6.69184E+02	 1.27711E+04
 6.74020E+02	 1.28416E+04
 6.78853E+02	 1.29236E+04
 6.83683E+02	 1.30125E+04
 6.88511E+02	 1.31150E+04
 6.93336E+02	 1.31800E+04
 6.98159E+02	 1.32809E+04
 7.02978E+02	 1.33536E+04
 7.07796E+02	 1.34535E+04
 7.12610E+02	 1.35411E+04
 7.17422E+02	 1.36180E+04
 7.22232E+02	 1.37178E+04
 7.27039E+02	 1.37983E+04
 7.31843E+02	 1.38798E+04
 7.36644E+02	 1.39770E+04
 7.41443E+02	 1.40616E+04
 7.46240E+02	 1.41598E+04
 7.51033E+02	 1.42518E+04
 7.55825E+02	 1.43313E+04
 7.60613E+02	 1.44210E+04
 7.65399E+02	 1.45018E+04
 7.70182E+02	 1.45970E+04
 7.74963E+02	 1.46989E+04
 7.79741E+02	 1.47819E+04
 7.84517E+02	 1.48730E+04
 7.89290E+02	 1.49531E+04
 7.94060E+02	 1.50510E+04
 7.98828E+02	 1.51258E+04
 8.03593E+02	 1.52239E+04
 8.08356E+02	 1.53079E+04
 8.13116E+02	 1.54156E+04
 8.17873E+02	 1.54953E+04
 8.22628E+02	 1.55736E+04
 8.27380E+02	 1.56744E+04
 8.32130E+02	 1.57863E+04
 8.36877E+02	 1.58596E+04
 8.41622E+02	 1.59564E+04
 8.46364E+02	 1.60274E+04
 8.51103E+02	 1.61353E+04
 8.55840E+02	 1.62173E+04
 8.60575E+02	 1.62973E+04
 8.65306E+02	 1.63969E+04
 8.70036E+02	 1.64689E+04
 8.74762E+02	 1.65746E+04
 8.79486E+02	 1.66473E+04
 8.84208E+02	 1.67469E+04
 8.88927E+02	 1.68503E+04
 8.93644E+02	 1.69051E+04
 8.98357E+02	 1.69714E+04
 9.03069E+02	 1.70863E+04
 9.07778E+02	 1.71704E+04
 9.12484E+02	 1.72668E+04
 9.17188E+02	 1.73496E+04
 9.21889E+02	 1.74498E+04
 9.26588E+02	 1.75075E+04
 9.31284E+02	 1.76013E+04
 9.35977E+02	 1.76885E+04
 9.40669E+02	 1.77820E+04
 9.45357E+02	 1.78449E+04
 9.50043E+02	 1.79280E+04
 9.54727E+02	 1.80266E+04
 9.59408E+02	 1.81294E+04
 9.64086E+02	 1.82025E+04
 9.68762E+02	 1.82899E+04
 9.73436E+02	 1.83536E+04
 9.78107E+02	 1.84519E+04
 9.82775E+02	 1.85121E+04
 9.87441E+02	 1.85910E+04
 9.92104E+02	 1.86964E+04
 9.96765E+02	 1.87671E+04
 1.00142E+03	 1.88578E+04
 1.00608E+03	 1.89321E+04
 1.01073E+03	 1.90175E+04
 1.01538E+03	 1.90884E+04
 1.02003E+03	 1.91573E+04
 1.02468E+03	 1.92220E+04
 1.02932E+03	 1.93539E+04
 1.03396E+03	 1.93990E+04
 1.03860E+03	 1.94803E+04
 1.04324E+03	 1.95475E+04
 1.04787E+03	 1.96174E+04
 1.05250E+03	 1.96839E+04
 1.05713E+03	 1.97738E+04
 1.06176E+03	 1.98355E+04
 1.06638E+03	 1.99000E+04
 1.07100E+03	 1.99950E+04
 1.07562E+03	 2.00390E+04
 1.08024E+03	 2.01064E+04
 1.08485E+03	 2.01588E+04
 1.08946E+03	 2.02511E+04
 1.09407E+03	 2.03199E+04
 1.09868E+03	 2.03729E+04
 1.10328E+03	 2.04423E+04
 1.10788E+03	 2.04925E+04
 1.11248E+03	 2.05378E+04
 1.11708E+03	 2.06361E+04
 1.12167E+03	 2.06629E+04
 1.12626E+03	 2.07278E+04
 1.13085E+03	 2.07839E+04
 1.13544E+03	 2.08695E+04
 1.14002E+03	 2.09011E+04
 1.14460E+03	 2.09344E+04
 1.14918E+03	 2.09991E+04
 1.15376E+03	 2.10371E+04
 1.15833E+03	 2.11034E+04
 1.16291E+03	 2.11386E+04
 1.16748E+03	 2.11919E+04
 1.17204E+03	 2.12253E+04
 1.17661E+03	 2.13051E+04
 1.18117E+03	 2.13513E+04
 1.18573E+03	 2.13921E+04
 1.19029E+03	 2.14526E+04
 1.19484E+03	 2.14648E+04
 1.19939E+03	 2.15336E+04
 1.20394E+03	 2.15809E+04
 1.20849E+03	 2.16108E+04
 1.21304E+03	 2.16838E+04
 1.21758E+03	 2.17698E+04
 1.22212E+03	 2.17896E+04
 1.22666E+03	 2.18200E+04
 1.23119E+03	 2.18669E+04
 1.23573E+03	 2.19109E+04
 1.24026E+03	 2.19515E+04
 1.24479E+03	 2.20030E+04
 1.24931E+03	 2.20806E+04
 1.25384E+03	 2.20866E+04
 1.25836E+03	 2.21215E+04
 1.26288E+03	 2.21958E+04
 1.26739E+03	 2.22051E+04
 1.27191E+03	 2.22526E+04
 1.27642E+03	 2.23045E+04
 1.28093E+03	 2.23734E+04
 1.28543E+03	 2.23941E+04
 1.28994E+03	 2.24291E+04
 1.29444E+03	 2.24479E+04
 1.29894E+03	 2.25045E+04
 1.30344E+03	 2.25290E+04
 1.30793E+03	 2.25500E+04
 1.31243E+03	 2.25989E+04
 1.31692E+03	 2.26610E+04
 1.32140E+03	 2.27444E+04
 1.32589E+03	 2.27278E+04
 1.33037E+03	 2.27745E+04
 1.33485E+03	 2.28488E+04
 1.33933E+03	 2.28809E+04
 1.34381E+03	 2.28916E+04
 1.34828E+03	 2.29516E+04
 1.35275E+03	 2.29860E+04
 1.35722E+03	 2.30463E+04
 1.36169E+03	 2.30788E+04
 1.36615E+03	 2.31213E+04
 1.37061E+03	 2.31509E+04
 1.37507E+03	 2.31945E+04
 1.37953E+03	 2.32339E+04
 1.38398E+03	 2.32714E+04
 1.38844E+03	 2.33233E+04
 1.39289E+03	 2.33870E+04
 1.39733E+03	 2.34064E+04
 1.40178E+03	 2.34385E+04
 1.40622E+03	 2.34840E+04
 1.41066E+03	 2.35049E+04
 1.41510E+03	 2.35454E+04
 1.41954E+03	 2.35968E+04
 1.42397E+03	 2.36281E+04
 1.42840E+03	 2.36441E+04
 1.43283E+03	 2.37053E+04
 1.43726E+03	 2.37289E+04
 1.44168E+03	 2.37659E+04
 1.44610E+03	 2.38271E+04
 1.45052E+03	 2.38803E+04
 1.45494E+03	 2.39176E+04
 1.45936E+03	 2.39334E+04
 1.46377E+03	 2.39973E+04
 1.46818E+03	 2.40491E+04
 1.47259E+03	 2.40643E+04
 1.47699E+03	 2.41219E+04
 1.48140E+03	 2.41783E+04
 1.48580E+03	 2.42459E+04
 1.49020E+03	 2.42488E+04
 1.49459E+03	 2.43080E+04
 1.49899E+03	 2.43458E+04
 1.50338E+03	 2.43681E+04
 1.50777E+03	 2.43890E+04
 1.51216E+03	 2.44655E+04
 1.51654E+03	 2.44896E+04
 1.52092E+03	 2.45388E+04
 1.52530E+03	 2.45846E+04
 1.52968E+03	 2.46439E+04
 1.53406E+03	 2.46391E+04
 1.53843E+03	 2.47048E+04
 1.54280E+03	 2.47323E+04
 1.54717E+03	 2.48015E+04
 1.55154E+03	 2.48314E+04
 1.55590E+03	 2.48423E+04
 1.56027E+03	 2.49080E+04
 1.56463E+03	 2.49585E+04
 1.56898E+03	 2.49916E+04
 1.57334E+03	 2.50278E+04
 1.57769E+03	 2.50713E+04
 1.58204E+03	 2.51343E+04
 1.58639E+03	 2.51815E+04
 1.59074E+03	 2.52134E+04
 1.59508E+03	 2.52794E+04
 1.59942E+03	 2.53161E+04
 1.60376E+03	 2.53513E+04
 1.60810E+03	 2.53593E+04
 1.61243E+03	 2.54269E+04
 1.61677E+03	 2.54401E+04
 1.62110E+03	 2.55016E+04
 1.62542E+03	 2.55534E+04
 1.62975E+03	 2.55770E+04
 1.63407E+03	 2.56240E+04
 1.63840E+03	 2.56624E+04
 1.64271E+03	 2.56573E+04
 1.64703E+03	 2.57279E+04
 1.65135E+03	 2.57859E+04
 1.65566E+03	 2.58030E+04
 1.65997E+03	 2.58506E+04
 1.66428E+03	 2.59036E+04
 1.66858E+03	 2.59271E+04
 1.67289E+03	 2.59965E+04
 1.67719E+03	 2.60134E+04
 1.68149E+03	 2.60915E+04
 1.68578E+03	 2.61068E+04
 1.69008E+03	 2.61466E+04
 1.69437E+03	 2.61985E+04
 1.69866E+03	 2.62383E+04
 1.70295E+03	 2.62869E+04
 1.70723E+03	 2.63100E+04
 1.71152E+03	 2.63683E+04
 1.71580E+03	 2.63833E+04
 1.72008E+03	 2.64581E+04
 1.72435E+03	 2.64916E+04
 1.72863E+03	 2.65141E+04
 1.73290E+03	 2.65574E+04
 1.73717E+03	 2.66146E+04
 1.74144E+03	 2.66428E+04
 1.74570E+03	 2.66964E+04
 1.74997E+03	 2.67429E+04
 1.75423E+03	 2.67533E+04
 1.75849E+03	 2.68106E+04
 1.76274E+03	 2.68606E+04
 1.76700E+03	 2.69109E+04
 1.77125E+03	 2.69369E+04
 1.77550E+03	 2.69961E+04
 1.77975E+03	 2.70251E+04
 1.78399E+03	 2.70811E+04
 1.78824E+03	 2.70968E+04
 1.79248E+03	 2.71319E+04
 1.79672E+03	 2.72089E+04
 1.80095E+03	 2.72124E+04
 1.80519E+03	 2.72595E+04
 1.80942E+03	 2.72739E+04
 1.81365E+03	 2.73303E+04
 1.81788E+03	 2.73826E+04
 1.82211E+03	 2.74060E+04
 1.82633E+03	 2.74568E+04
 1.83055E+03	 2.75324E+04
 1.83477E+03	 2.75528E+04
 1.83899E+03	 2.75929E+04
 1.84320E+03	 2.76180E+04
 1.84742E+03	 2.76628E+04
 1.85163E+03	 2.77388E+04
 1.85584E+03	 2.77350E+04
 1.86004E+03	 2.77876E+04
 1.86425E+03	 2.78298E+04
 1.86845E+03	 2.78855E+04
 1.87265E+03	 2.79026E+04
 1.87685E+03	 2.79510E+04
 1.88104E+03	 2.79920E+04
 1.88524E+03	 2.80146E+04
 1.88943E+03	 2.80483E+04
 1.89362E+03	 2.80796E+04
 1.89780E+03	 2.81305E+04
 1.90199E+03	 2.81869E+04
 1.90617E+03	 2.81948E+04
 1.91035E+03	 2.82576E+04
 1.91453E+03	 2.83019E+04
 1.91871E+03	 2.83196E+04
 1.92288E+03	 2.83763E+04
 1.92705E+03	 2.84078E+04
 1.93122E+03	 2.84626E+04
 1.93539E+03	 2.85195E+04
 1.93956E+03	 2.85671E+04
 1.94372E+03	 2.85915E+04
 1.94788E+03	 2.86566E+04
 1.95204E+03	 2.86651E+04
 1.95620E+03	 2.86701E+04
 1.96035E+03	 2.87795E+04
 1.96451E+03	 2.88381E+04
 1.96866E+03	 2.88183E+04
 1.97280E+03	 2.88938E+04
 1.97695E+03	 2.89110E+04
 1.98110E+03	 2.89516E+04
 1.98524E+03	 2.90436E+04
 1.98938E+03	 2.90135E+04
 1.99352E+03	 2.90721E+04
 1.99765E+03	 2.91078E+04
 2.00179E+03	 2.91630E+04
 2.00592E+03	 2.92209E+04
 2.01005E+03	 2.92334E+04
 2.01417E+03	 2.92695E+04
 2.01830E+03	 2.93186E+04
 2.02242E+03	 2.93616E+04
 2.02654E+03	 2.94108E+04
 2.03066E+03	 2.94703E+04
 2.03478E+03	 2.95044E+04
 2.03889E+03	 2.95603E+04
 2.04301E+03	 2.96046E+04
 2.04712E+03	 2.96408E+04
 2.05123E+03	 2.96716E+04
 2.05533E+03	 2.97120E+04
 2.05944E+03	 2.97876E+04
 2.06354E+03	 2.97873E+04
 2.06764E+03	 2.98388E+04
 2.07174E+03	 2.98704E+04
 2.07583E+03	 2.98949E+04
 2.07993E+03	 2.99793E+04
 2.08402E+03	 2.99978E+04
 2.08811E+03	 3.00118E+04
 2.09219E+03	 3.00185E+04
 2.09628E+03	 3.00840E+04
 2.10036E+03	 3.01213E+04
 2.10444E+03	 3.02109E+04
 2.10852E+03	 3.01903E+04
 2.11260E+03	 3.02680E+04
 2.11668E+03	 3.03094E+04
 2.12075E+03	 3.03575E+04
 2.12482E+03	 3.03939E+04
 2.12889E+03	 3.04610E+04
 2.13296E+03	 3.04826E+04
 2.13702E+03	 3.05235E+04
 2.14108E+03	 3.05523E+04
 2.14514E+03	 3.06208E+04
 2.14920E+03	 3.06648E+04
 2.15326E+03	 3.07120E+04
 2.15731E+03	 3.07410E+04
 2.16137E+03	 3.08078E+04
 2.16542E+03	 3.08528E+04
 2.16946E+03	 3.08769E+04
 2.17351E+03	 3.09176E+04
 2.17755E+03	 3.09580E+04
 2.18160E+03	 3.09895E+04
 2.18564E+03	 3.10124E+04
 2.18967E+03	 3.10768E+04
 2.19371E+03	 3.10994E+04
 2.19774E+03	 3.10866E+04
 2.20178E+03	 3.11975E+04
 2.20581E+03	 3.12280E+04
 2.20983E+03	 3.12771E+04
 2.21386E+03	 3.13181E+04
 2.21788E+03	 3.13524E+04
 2.22190E+03	 3.14186E+04
 2.22592E+03	 3.14241E+04
 2.22994E+03	 3.14629E+04
 2.23396E+03	 3.14925E+04
 2.23797E+03	 3.15523E+04
 2.24198E+03	 3.15679E+04
 2.24599E+03	 3.16375E+04
 2.25000E+03	 3.16610E+04
 2.25401E+03	 3.17203E+04
 2.25801E+03	 3.17555E+04
 2.26201E+03	 3.18276E+04
 2.26601E+03	 3.18211E+04
 2.27001E+03	 3.18775E+04
 2.27400E+03	 3.19038E+04
 2.27800E+03	 3.19666E+04
 2.28199E+03	 3.20400E+04
 2.28598E+03	 3.20429E+04
 2.28996E+03	 3.21159E+04
 2.29395E+03	 3.21226E+04
 2.29793E+03	 3.21836E+04
 2.30191E+03	 3.22033E+04
 2.30589E+03	 3.22474E+04
 2.30987E+03	 3.22979E+04
 2.31384E+03	 3.23271E+04
 2.31782E+03	 3.23991E+04
 2.32179E+03	 3.23938E+04
 2.32576E+03	 3.24763E+04
 2.32973E+03	 3.25259E+04
 2.33369E+03	 3.25490E+04
 2.33765E+03	 3.25835E+04
 2.34162E+03	 3.26235E+04
 2.34557E+03	 3.26669E+04
 2.34953E+03	 3.27508E+04
 2.35349E+03	 3.27534E+04
 2.35744E+03	 3.28209E+04
 2.36139E+03	 3.28633E+04
 2.36534E+03	 3.28973E+04
 2.36929E+03	 3.29539E+04
 2.37323E+03	 3.29996E+04
 2.37718E+03	 3.30163E+04
 2.38112E+03	 3.30646E+04
 2.38506E+03	 3.31089E+04
 2.38900E+03	 3.31375E+04
 2.39293E+03	 3.31581E+04
 2.39686E+03	 3.32334E+04
 2.40080E+03	 3.32300E+04
 2.40473E+03	 3.33069E+04
 2.40865E+03	 3.33494E+04
 2.41258E+03	 3.33803E+04
 2.41650E+03	 3.34321E+04
 2.42042E+03	 3.34626E+04
 2.42434E+03	 3.34883E+04
 2.42826E+03	 3.35591E+04
 2.43218E+03	 3.35851E+04
 2.43609E+03	 3.36418E+04
 2.44000E+03	 3.36813E+04
 2.44391E+03	 3.37103E+04
 2.44782E+03	 3.37551E+04
 2.45173E+03	 3.38034E+04
 2.45563E+03	 3.38794E+04
 2.45953E+03	 3.38800E+04
 2.46343E+03	 3.39313E+04
 2.46733E+03	 3.40101E+04
 2.47123E+03	 3.40273E+04
 2.47512E+03	 3.40385E+04
 2.47902E+03	 3.40811E+04
 2.48291E+03	 3.41534E+04
 2.48679E+03	 3.41984E+04
 2.49068E+03	 3.42275E+04
 2.49457E+03	 3.42426E+04
 2.49845E+03	 3.43541E+04
 2.50233E+03	 3.43176E+04
 2.50621E+03	 3.43776E+04
 2.51008E+03	 3.44339E+04
 2.51396E+03	 3.44968E+04
 2.51783E+03	 3.45026E+04
 2.52170E+03	 3.45569E+04
 2.52557E+03	 3.46218E+04
 2.52944E+03	 3.46516E+04
 2.53331E+03	 3.46984E+04
 2.53717E+03	 3.47593E+04
 2.54103E+03	 3.47963E+04
 2.54489E+03	 3.48048E+04
 2.54875E+03	 3.48675E+04
 2.55260E+03	 3.49459E+04
 2.55646E+03	 3.49684E+04
 2.56031E+03	 3.49776E+04
 2.56416E+03	 3.50194E+04
 2.56801E+03	 3.50596E+04
 2.57185E+03	 3.51100E+04
 2.57570E+03	 3.51520E+04
 2.57954E+03	 3.51996E+04
 2.58338E+03	 3.52081E+04
 2.58722E+03	 3.52761E+04
 2.59105E+03	 3.53096E+04
 2.59489E+03	 3.53150E+04
 2.59872E+03	 3.53770E+04
 2.60255E+03	 3.53984E+04
 2.60638E+03	 3.54231E+04
 2.61021E+03	 3.54838E+04
 2.61403E+03	 3.55691E+04
 2.61786E+03	 3.55809E+04
 2.62168E+03	 3.56408E+04
 2.62550E+03	 3.56581E+04
 2.62932E+03	 3.57128E+04
 2.63313E+03	 3.57326E+04
 2.63695E+03	 3.57869E+04
 2.64076E+03	 3.58171E+04
 2.64457E+03	 3.58623E+04
 2.64838E+03	 3.58726E+04
 2.65218E+03	 3.59658E+04
 2.65599E+03	 3.59868E+04
 2.65979E+03	 3.60353E+04
 2.66359E+03	 3.60736E+04
 2.66739E+03	 3.60953E+04
 2.67118E+03	 3.61648E+04
 2.67498E+03	 3.62005E+04
 2.67877E+03	 3.62495E+04
 2.68256E+03	 3.62800E+04
 2.68635E+03	 3.63450E+04
 2.69014E+03	 3.63416E+04
 2.69393E+03	 3.64390E+04
 2.69771E+03	 3.64471E+04
 2.70149E+03	 3.64818E+04
 2.70527E+03	 3.65593E+04
 2.70905E+03	 3.65656E+04
 2.71283E+03	 3.66108E+04
 2.71660E+03	 3.66125E+04
 2.72037E+03	 3.66840E+04
 2.72414E+03	 3.67371E+04
 2.72791E+03	 3.67691E+04
 2.73168E+03	 3.68093E+04
 2.73544E+03	 3.68305E+04
 2.73921E+03	 3.68821E+04
 2.74297E+03	 3.69544E+04
 2.74673E+03	 3.69740E+04
 2.75049E+03	 3.70695E+04
 2.75424E+03	 3.70853E+04
 2.75800E+03	 3.71171E+04
 2.76175E+03	 3.71450E+04
 2.76550E+03	 3.71889E+04
 2.76925E+03	 3.72843E+04
 2.77299E+03	 3.72925E+04
 2.77674E+03	 3.73369E+04
 2.78048E+03	 3.73726E+04
 2.78422E+03	 3.73971E+04
 2.78796E+03	 3.74291E+04
 2.79170E+03	 3.75240E+04
 2.79544E+03	 3.75191E+04
 2.79917E+03	 3.75524E+04
 2.80290E+03	 3.76523E+04
 2.80663E+03	 3.76423E+04
 2.81036E+03	 3.76791E+04
 2.81409E+03	 3.77350E+04
 2.81781E+03	 3.78050E+04
 2.82153E+03	 3.78326E+04
 2.82525E+03	 3.78409E+04
 2.82897E+03	 3.79548E+04
 2.83269E+03	 3.79691E+04
 2.83641E+03	 3.79975E+04
 2.84012E+03	 3.80214E+04
 2.84383E+03	 3.80684E+04
 2.84754E+03	 3.81238E+04
 2.85125E+03	 3.81319E+04
 2.85496E+03	 3.82076E+04
 2.85866E+03	 3.82589E+04
 2.86236E+03	 3.82554E+04
 2.86606E+03	 3.83180E+04
 2.86976E+03	 3.83486E+04
 2.87346E+03	 3.84459E+04
 2.87716E+03	 3.84369E+04
 2.88085E+03	 3.85020E+04
 2.88454E+03	 3.85360E+04
 2.88823E+03	 3.85855E+04
 2.89192E+03	 3.86121E+04
 2.89561E+03	 3.86755E+04
 2.89929E+03	 3.87253E+04
 2.90297E+03	 3.87341E+04
 2.90666E+03	 3.87748E+04
 2.91033E+03	 3.88393E+04
 2.91401E+03	 3.88948E+04
 2.91769E+03	 3.89351E+04
 2.92136E+03	 3.90015E+04
 2.92503E+03	 3.89899E+04
 2.92870E+03	 3.90579E+04
 2.93237E+03	 3.90948E+04
 2.93604E+03	 3.91185E+04
 2.93970E+03	 3.91678E+04
 2.94337E+03	 3.92505E+04
 2.94703E+03	 3.92680E+04
 2.95069E+03	 3.93084E+04
 2.95435E+03	 3.94181E+04
 2.95800E+03	 3.94346E+04
 2.96166E+03	 3.94409E+04
 2.96531E+03	 3.95369E+04
 2.96896E+03	 3.95464E+04
 2.97261E+03	 3.96401E+04
 2.97626E+03	 3.96405E+04
 2.97990E+03	 3.97108E+04
 2.98354E+03	 3.97435E+04
 2.98719E+03	 3.97878E+04
 2.99083E+03	 3.98170E+04
 2.99446E+03	 3.98700E+04
 2.99810E+03	 3.99398E+04
 3.00174E+03	 3.99595E+04
 3.00537E+03	 4.00266E+04
 3.00900E+03	 4.00208E+04
 3.01263E+03	 4.00824E+04
 3.01626E+03	 4.00769E+04
 3.01988E+03	 4.01406E+04
 3.02351E+03	 4.02114E+04
 3.02713E+03	 4.02608E+04
 3.03075E+03	 4.02455E+04
 3.03437E+03	 4.03376E+04
 3.03799E+03	 4.03230E+04
 3.04160E+03	 4.03621E+04
 3.04521E+03	 4.04344E+04
 3.04883E+03	 4.04336E+04
 3.05244E+03	 4.05129E+04
 3.05605E+03	 4.05158E+04
 3.05965E+03	 4.05788E+04
 3.06326E+03	 4.06406E+04
 3.06686E+03	 4.06640E+04
 3.07046E+03	 4.06638E+04
 3.07406E+03	 4.06856E+04
 3.07766E+03	 4.07691E+04
 3.08125E+03	 4.08160E+04
 3.08485E+03	 4.08591E+04
 3.08844E+03	 4.08606E+04
 3.09203E+03	 4.08935E+04
 3.09562E+03	 4.09596E+04
 3.09921E+03	 4.10166E+04
 3.10280E+03	 4.10341E+04
 3.10638E+03	 4.10838E+04
 3.10996E+03	 4.10920E+04
 3.11354E+03	 4.11840E+04
 3.11712E+03	 4.11999E+04
 3.12070E+03	 4.12466E+04
 3.12427E+03	 4.12999E+04
 3.12785E+03	 4.13306E+04
 3.13142E+03	 4.13881E+04
 3.13499E+03	 4.14255E+04
 3.13856E+03	 4.14308E+04
 3.14212E+03	 4.14759E+04
 3.14569E+03	 4.15151E+04
 3.14925E+03	 4.15946E+04
 3.15281E+03	 4.16171E+04
 3.15637E+03	 4.16513E+04
 3.15993E+03	 4.17205E+04
 3.16349E+03	 4.17086E+04
 3.16704E+03	 4.17996E+04
 3.17060E+03	 4.18350E+04
 3.17415E+03	 4.18845E+04
 3.17770E+03	 4.19201E+04
 3.18124E+03	 4.19866E+04
 3.18479E+03	 4.20086E+04
 3.18834E+03	 4.20353E+04
 3.19188E+03	 4.21080E+04
 3.19542E+03	 4.21594E+04
 3.19896E+03	 4.21871E+04
 3.20250E+03	 4.22334E+04
 3.20603E+03	 4.22434E+04
 3.20957E+03	 4.23200E+04
 3.21310E+03	 4.23346E+04
 3.21663E+03	 4.24240E+04
 3.22016E+03	 4.24578E+04
 3.22369E+03	 4.24863E+04
 3.22721E+03	 4.25463E+04
 3.23074E+03	 4.25518E+04
 3.23426E+03	 4.25886E+04
 3.23778E+03	 4.26365E+04
 3.24130E+03	 4.26969E+04
 3.24481E+03	 4.27336E+04
 3.24833E+03	 4.27879E+04
 3.25184E+03	 4.28036E+04
 3.25536E+03	 4.28298E+04
 3.25887E+03	 4.28844E+04
 3.26238E+03	 4.29609E+04
 3.26588E+03	 4.29851E+04
 3.26939E+03	 4.30155E+04
 3.27289E+03	 4.30698E+04
 3.27639E+03	 4.30991E+04
 3.27989E+03	 4.30931E+04
 3.28339E+03	 4.31795E+04
 3.28689E+03	 4.32205E+04
 3.29039E+03	 4.32946E+04
 3.29388E+03	 4.33255E+04
 3.29737E+03	 4.33433E+04
 3.30086E+03	 4.33996E+04
 3.30435E+03	 4.34459E+04
 3.30784E+03	 4.34488E+04
 3.31132E+03	 4.35023E+04
 3.31481E+03	 4.35508E+04
 3.31829E+03	 4.35443E+04
 3.32177E+03	 4.36131E+04
 3.32525E+03	 4.36510E+04
 3.32873E+03	 4.36843E+04
 3.33220E+03	 4.37563E+04
 3.33567E+03	 4.37380E+04
 3.33915E+03	 4.37925E+04
 3.34262E+03	 4.38496E+04
 3.34609E+03	 4.38911E+04
 3.34955E+03	 4.38916E+04
 3.35302E+03	 4.39446E+04
 3.35648E+03	 4.39914E+04
 3.35994E+03	 4.40091E+04
 3.36341E+03	 4.40606E+04
 3.36686E+03	 4.40891E+04
 3.37032E+03	 4.41078E+04
 3.37378E+03	 4.41375E+04
 3.37723E+03	 4.41604E+04
 3.38068E+03	 4.42226E+04
 3.38413E+03	 4.42490E+04
 3.38758E+03	 4.42996E+04
 3.39103E+03	 4.43150E+04
 3.39448E+03	 4.43566E+04
 3.39792E+03	 4.44444E+04
 3.40136E+03	 4.44418E+04
 3.40480E+03	 4.44993E+04
 3.40824E+03	 4.44781E+04
 3.41168E+03	 4.45195E+04
 3.41512E+03	 4.45930E+04
 3.41855E+03	 4.46129E+04
 3.42198E+03	 4.46654E+04
 3.42541E+03	 4.47181E+04
 3.42884E+03	 4.47070E+04
 3.43227E+03	 4.47348E+04
 3.43570E+03	 4.48196E+04
 3.43912E+03	 4.48211E+04
 3.44254E+03	 4.48285E+04
 3.44597E+03	 4.48853E+04
 3.44939E+03	 4.49465E+04
 3.45280E+03	 4.49818E+04
 3.45622E+03	 4.50049E+04
 3.45963E+03	 4.50465E+04
 3.46305E+03	 4.51089E+04
 3.46646E+03	 4.51079E+04
 3.46987E+03	 4.51339E+04
 3.47328E+03	 4.51876E+04
 3.47668E+03	 4.52641E+04
 3.48009E+03	 4.52978E+04
 3.48349E+03	 4.53323E+04
 3.48689E+03	 4.53876E+04
 3.49029E+03	 4.54224E+04
 3.49369E+03	 4.54613E+04
 3.49709E+03	 4.54900E+04
 3.50049E+03	 4.54969E+04
 3.50388E+03	 4.55254E+04
 3.50727E+03	 4.55826E+04
 3.51066E+03	 4.56124E+04
 3.51405E+03	 4.56660E+04
 3.51744E+03	 4.56910E+04
 3.52082E+03	 4.57089E+04
 3.52421E+03	 4.57619E+04
 3.52759E+03	 4.57813E+04
 3.53097E+03	 4.57951E+04
 3.53435E+03	 4.58300E+04
 3.53773E+03	 4.58573E+04
 3.54110E+03	 4.58831E+04
 3.54448E+03	 4.59346E+04
 3.54785E+03	 4.59496E+04
 3.55122E+03	 4.60009E+04
 3.55459E+03	 4.60699E+04
 3.55796E+03	 4.61033E+04
 3.56133E+03	 4.61043E+04
 3.56469E+03	 4.61663E+04
 3.56806E+03	 4.62298E+04
 3.57142E+03	 4.62138E+04
 3.57478E+03	 4.63024E+04
 3.57814E+03	 4.63221E+04
 3.58149E+03	 4.63588E+04
 3.58485E+03	 4.63580E+04
 3.58820E+03	 4.64003E+04
 3.59156E+03	 4.64014E+04
 3.59491E+03	 4.64613E+04
 3.59826E+03	 4.65620E+04
 3.60160E+03	 4.65793E+04
 3.60495E+03	 4.65979E+04
 3.60829E+03	 4.66224E+04
 3.61164E+03	 4.66944E+04
 3.61498E+03	 4.66813E+04
 3.61832E+03	 4.67299E+04
 3.62166E+03	 4.67955E+04
 3.62499E+03	 4.68233E+04
 3.62833E+03	 4.68305E+04
 3.63166E+03	 4.68459E+04
 3.63499E+03	 4.68924E+04
 3.63832E+03	 4.69360E+04
 3.64165E+03	 4.69686E+04
 3.64498E+03	 4.69860E+04
 3.64831E+03	 4.70371E+04
 3.65163E+03	 4.70538E+04
 3.65495E+03	 4.70973E+04
 3.65827E+03	 4.71716E+04
 3.66159E+03	 4.71730E+04
 3.66491E+03	 4.71981E+04
 3.66823E+03	 4.72573E+04
 3.67154E+03	 4.72509E+04
 3.67485E+03	 4.73101E+04
 3.67817E+03	 4.73594E+04
 3.68148E+03	 4.73706E+04
 3.68478E+03	 4.74058E+04
 3.68809E+03	 4.74291E+04
 3.69140E+03	 4.74851E+04
 3.69470E+03	 4.75040E+04
 3.69800E+03	 4.75453E+04
 3.70130E+03	 4.75598E+04
 3.70460E+03	 4.76401E+04
 3.70790E+03	 4.76310E+04
 3.71120E+03	 4.76763E+04
 3.71449E+03	 4.76775E+04
 3.71778E+03	 4.77210E+04
 3.72108E+03	 4.78039E+04
 3.72437E+03	 4.77925E+04
 3.72765E+03	 4.78290E+04
 3.73094E+03	 4.78226E+04
 3.73423E+03	 4.78424E+04
 3.73751E+03	 4.79460E+04
 3.74079E+03	 4.79651E+04
 3.74407E+03	 4.79803E+04
 3.74735E+03	 4.80409E+04
 3.75063E+03	 4.80825E+04
 3.75391E+03	 4.80938E+04
 3.75718E+03	 4.81438E+04
 3.76045E+03	 4.81866E+04
 3.76373E+03	 4.82311E+04
 3.76700E+03	 4.82348E+04
 3.77026E+03	 4.82693E+04
 3.77353E+03	 4.82809E+04
 3.77680E+03	 4.83253E+04
 3.78006E+03	 4.83320E+04
 3.78332E+03	 4.84198E+04
 3.78658E+03	 4.84139E+04
 3.78984E+03	 4.84733E+04
 3.79310E+03	 4.84748E+04
 3.79636E+03	 4.84663E+04
 3.79961E+03	 4.85224E+04
 3.80287E+03	 4.85704E+04
 3.80612E+03	 4.85884E+04
 3.80937E+03	 4.86231E+04
 3.81262E+03	 4.86134E+04
 3.81586E+03	 4.86550E+04
 3.81911E+03	 4.87028E+04
 3.82235E+03	 4.87305E+04
 3.82560E+03	 4.87463E+04
 3.82884E+03	 4.88365E+04
 3.83208E+03	 4.88370E+04
 3.83532E+03	 4.88854E+04
 3.83855E+03	 4.89113E+04
 3.84179E+03	 4.89035E+04
 3.84502E+03	 4.89624E+04
 3.84825E+03	 4.89763E+04
 3.85148E+03	 4.90313E+04
 3.85471E+03	 4.90448E+04
 3.85794E+03	 4.91106E+04
 3.86117E+03	 4.91486E+04
 3.86439E+03	 4.91578E+04
 3.86762E+03	 4.91911E+04
 3.87084E+03	 4.92429E+04
 3.87406E+03	 4.92064E+04
 3.87728E+03	 4.92309E+04
 3.88049E+03	 4.92903E+04
 3.88371E+03	 4.93636E+04
 3.88692E+03	 4.93900E+04
 3.89014E+03	 4.94214E+04
 3.89335E+03	 4.94668E+04
 3.89656E+03	 4.94939E+04
 3.89977E+03	 4.95309E+04
 3.90297E+03	 4.95598E+04
 3.90618E+03	 4.96253E+04
 3.90938E+03	 4.96396E+04
 3.91258E+03	 4.96988E+04
 3.91579E+03	 4.97190E+04
 3.91898E+03	 4.97465E+04
 3.92218E+03	 4.98385E+04
 3.92538E+03	 4.98358E+04
 3.92857E+03	 4.99090E+04
 3.93177E+03	 4.99020E+04
 3.93496E+03	 4.99908E+04
 3.93815E+03	 5.00376E+04
 3.94134E+03	 5.00608E+04
 3.94453E+03	 5.00839E+04
 3.94771E+03	 5.00845E+04
 3.95090E+03	 5.01480E+04
 3.95408E+03	 5.01421E+04
 3.95726E+03	 5.02373E+04
 3.96044E+03	 5.02040E+04
 3.96362E+03	 5.02654E+04
 3.96680E+03	 5.02823E+04
 3.96997E+03	 5.03336E+04
 3.97315E+03	 5.03546E+04
 3.97632E+03	 5.04243E+04
 3.97949E+03	 5.04029E+04
 3.98266E+03	 5.04643E+04
 3.98583E+03	 5.05245E+04
 3.98900E+03	 5.05259E+04
 3.99216E+03	 5.05374E+04
 3.99533E+03	 5.05954E+04
 3.99849E+03	 5.05986E+04
 4.00165E+03	 5.06720E+04
 4.00481E+03	 5.07024E+04
 4.00797E+03	 5.06898E+04
 4.01113E+03	 5.07144E+04
 4.01428E+03	 5.08608E+04
 4.01744E+03	 5.08634E+04
 4.02059E+03	 5.09325E+04
 4.02374E+03	 5.09298E+04
 4.02689E+03	 5.09720E+04
 4.03004E+03	 5.10094E+04
 4.03318E+03	 5.10385E+04
 4.03633E+03	 5.10358E+04
 4.03947E+03	 5.11050E+04
 4.04262E+03	 5.10863E+04
 4.04576E+03	 5.11019E+04
 4.04890E+03	 5.11694E+04
 4.05203E+03	 5.12016E+04
 4.05517E+03	 5.11968E+04
 4.05831E+03	 5.12408E+04
 4.06144E+03	 5.06579E+04
