-1.03034E+02	 3.14813E+03
-9.77694E+01	 3.19525E+03
-9.25079E+01	 3.22500E+03
-8.72494E+01	 3.27775E+03
-8.19938E+01	 3.29988E+03
-7.67412E+01	 3.35125E+03
-7.14916E+01	 3.39013E+03
-6.62450E+01	 3.43513E+03
-6.10013E+01	 3.47600E+03
-5.57605E+01	 3.50525E+03
-5.05228E+01	 3.54163E+03
-4.52879E+01	 3.58363E+03
-4.00561E+01	 3.62875E+03
-3.48271E+01	 3.66388E+03
-2.96012E+01	 3.71638E+03
-2.43781E+01	 3.75575E+03
-1.91580E+01	 3.80075E+03
-1.39409E+01	 3.84038E+03
-8.72666E+00	 3.87375E+03
-3.51538E+00	 3.91588E+03
 1.69298E+00	 3.97950E+03
 6.89840E+00	 4.01475E+03
 1.21009E+01	 4.06900E+03
 1.73005E+01	 4.10400E+03
 2.24971E+01	 4.14625E+03
 2.76908E+01	 4.19675E+03
 3.28816E+01	 4.24775E+03
 3.80695E+01	 4.29300E+03
 4.32545E+01	 4.34925E+03
 4.84366E+01	 4.38900E+03
 5.36157E+01	 4.43788E+03
 5.87920E+01	 4.48700E+03
 6.39653E+01	 4.53125E+03
 6.91358E+01	 4.56888E+03
 7.43033E+01	 4.62663E+03
 7.94680E+01	 4.68188E+03
 8.46297E+01	 4.73563E+03
 8.97886E+01	 4.76938E+03
 9.49446E+01	 4.81375E+03
 1.00098E+02	 4.86263E+03
 1.05248E+02	 4.91875E+03
 1.10395E+02	 4.95650E+03
 1.15540E+02	 5.00925E+03
 1.20681E+02	 5.06925E+03
 1.25820E+02	 5.11200E+03
 1.30956E+02	 5.17000E+03
 1.36089E+02	 5.21613E+03
 1.41219E+02	 5.26800E+03
 1.46346E+02	 5.32350E+03
 1.51470E+02	 5.38225E+03
 1.56592E+02	 5.42288E+03
 1.61710E+02	 5.48638E+03
 1.66826E+02	 5.53250E+03
 1.71939E+02	 5.58125E+03
 1.77049E+02	 5.65800E+03
 1.82156E+02	 5.70525E+03
 1.87260E+02	 5.77200E+03
 1.92362E+02	 5.80925E+03
 1.97461E+02	 5.88613E+03
 2.02556E+02	 5.94363E+03
 2.07649E+02	 6.00613E+03
 2.12739E+02	 6.05175E+03
 2.17827E+02	 6.11588E+03
 2.22911E+02	 6.16138E+03
 2.27993E+02	 6.23250E+03
 2.33072E+02	 6.28225E+03
 2.38148E+02	 6.33850E+03
 2.43221E+02	 6.39488E+03
 2.48291E+02	 6.47113E+03
 2.53359E+02	 6.52063E+03
 2.58423E+02	 6.57013E+03
 2.63485E+02	 6.63438E+03
 2.68544E+02	 6.69413E+03
 2.73600E+02	 6.74750E+03
 2.78654E+02	 6.81075E+03
 2.83704E+02	 6.87000E+03
 2.88752E+02	 6.93563E+03
 2.93797E+02	 7.00338E+03
 2.98840E+02	 7.06450E+03
 3.03879E+02	 7.11788E+03
 3.08916E+02	 7.18863E+03
 3.13949E+02	 7.24863E+03
 3.18980E+02	 7.32600E+03
 3.24009E+02	 7.38825E+03
 3.29034E+02	 7.43763E+03
 3.34057E+02	 7.50850E+03
 3.39077E+02	 7.58563E+03
 3.44094E+02	 7.65675E+03
 3.49108E+02	 7.71988E+03
 3.54120E+02	 7.78250E+03
 3.59129E+02	 7.85538E+03
 3.64135E+02	 7.88800E+03
 3.69138E+02	 7.97475E+03
 3.74138E+02	 8.03450E+03
 3.79136E+02	 8.11350E+03
 3.84131E+02	 8.19525E+03
 3.89123E+02	 8.24125E+03
 3.94113E+02	 8.31663E+03
 3.99099E+02	 8.37300E+03
 4.04083E+02	 8.45250E+03
 4.09064E+02	 8.53575E+03
 4.14043E+02	 8.58488E+03
 4.19019E+02	 8.66413E+03
 4.23991E+02	 8.73988E+03
 4.28962E+02	 8.80900E+03
 4.33929E+02	 8.87463E+03
 4.38894E+02	 8.96588E+03
 4.43856E+02	 9.02913E+03
 4.48815E+02	 9.11425E+03
 4.53771E+02	 9.17600E+03
 4.58725E+02	 9.24588E+03
 4.63676E+02	 9.32013E+03
 4.68625E+02	 9.39163E+03
 4.73570E+02	 9.46200E+03
 4.78513E+02	 9.54850E+03
 4.83453E+02	 9.62413E+03
 4.88391E+02	 9.70000E+03
 4.93325E+02	 9.77013E+03
 4.98257E+02	 9.84663E+03
 5.03187E+02	 9.91850E+03
 5.08113E+02	 1.00073E+04
 5.13037E+02	 1.00753E+04
 5.17958E+02	 1.01590E+04
 5.22877E+02	 1.02173E+04
 5.27792E+02	 1.03171E+04
 5.32706E+02	 1.03733E+04
 5.37616E+02	 1.04636E+04
 5.42524E+02	 1.05285E+04
 5.47429E+02	 1.06198E+04
 5.52331E+02	 1.07008E+04
 5.57230E+02	 1.07696E+04
 5.62127E+02	 1.08651E+04
 5.67022E+02	 1.09590E+04
 5.71913E+02	 1.10113E+04
 5.76802E+02	 1.10960E+04
 5.81688E+02	 1.12084E+04
 5.86572E+02	 1.12639E+04
 5.91452E+02	 1.13643E+04
 5.96331E+02	 1.14114E+04
 6.01206E+02	 1.14933E+04
 6.06079E+02	 1.16189E+04
 6.10949E+02	 1.16641E+04
 6.15817E+02	 1.17451E+04
 6.20681E+02	 1.18259E+04
 6.25544E+02	 1.18993E+04
 6.30403E+02	 1.19969E+04
 6.35260E+02	 1.20786E+04
 6.40114E+02	 1.21593E+04
 6.44966E+02	 1.22330E+04
 6.49815E+02	 1.23335E+04
 6.54661E+02	 1.23985E+04
 6.59505E+02	 1.25006E+04
 6.64346E+02	 1.25904E+04
 6.69184E+02	 1.26710E+04
 6.74020E+02	 1.27396E+04
 6.78853E+02	 1.28393E+04
 6.83683E+02	 1.29235E+04
 6.88511E+02	 1.29938E+04
 6.93336E+02	 1.30923E+04
 6.98159E+02	 1.31833E+04
 7.02978E+02	 1.32379E+04
 7.07796E+02	 1.33511E+04
 7.12610E+02	 1.34255E+04
 7.17422E+02	 1.35184E+04
 7.22232E+02	 1.36029E+04
 7.27039E+02	 1.36719E+04
 7.31843E+02	 1.37704E+04
 7.36644E+02	 1.38583E+04
 7.41443E+02	 1.39414E+04
 7.46240E+02	 1.40331E+04
 7.51033E+02	 1.41315E+04
 7.55825E+02	 1.42074E+04
 7.60613E+02	 1.42795E+04
 7.65399E+02	 1.43668E+04
 7.70182E+02	 1.44570E+04
 7.74963E+02	 1.45334E+04
 7.79741E+02	 1.46354E+04
 7.84517E+02	 1.47224E+04
 7.89290E+02	 1.47996E+04
 7.94060E+02	 1.49068E+04
 7.98828E+02	 1.49971E+04
 8.03593E+02	 1.50729E+04
 8.08356E+02	 1.51538E+04
 8.13116E+02	 1.52385E+04
 8.17873E+02	 1.53470E+04
 8.22628E+02	 1.54200E+04
 8.27380E+02	 1.55075E+04
 8.32130E+02	 1.55798E+04
 8.36877E+02	 1.57039E+04
 8.41622E+02	 1.57781E+04
 8.46364E+02	 1.58659E+04
 8.51103E+02	 1.59546E+04
 8.55840E+02	 1.60263E+04
 8.60575E+02	 1.61140E+04
 8.65306E+02	 1.61993E+04
 8.70036E+02	 1.62651E+04
 8.74762E+02	 1.63923E+04
 8.79486E+02	 1.64489E+04
 8.84208E+02	 1.65501E+04
 8.88927E+02	 1.66530E+04
 8.93644E+02	 1.66946E+04
 8.98357E+02	 1.67974E+04
 9.03069E+02	 1.68958E+04
 9.07778E+02	 1.69526E+04
 9.12484E+02	 1.70498E+04
 9.17188E+02	 1.71078E+04
 9.21889E+02	 1.72101E+04
 9.26588E+02	 1.72908E+04
 9.31284E+02	 1.73824E+04
 9.35977E+02	 1.74759E+04
 9.40669E+02	 1.75485E+04
 9.45357E+02	 1.76280E+04
 9.50043E+02	 1.77161E+04
 9.54727E+02	 1.78008E+04
 9.59408E+02	 1.78823E+04
 9.64086E+02	 1.79491E+04
 9.68762E+02	 1.80449E+04
 9.73436E+02	 1.81326E+04
 9.78107E+02	 1.82106E+04
 9.82775E+02	 1.82903E+04
 9.87441E+02	 1.83371E+04
 9.92104E+02	 1.84359E+04
 9.96765E+02	 1.85071E+04
 1.00142E+03	 1.85763E+04
 1.00608E+03	 1.86699E+04
 1.01073E+03	 1.87644E+04
 1.01538E+03	 1.88434E+04
 1.02003E+03	 1.88958E+04
 1.02468E+03	 1.89731E+04
 1.02932E+03	 1.90324E+04
 1.03396E+03	 1.91254E+04
 1.03860E+03	 1.92044E+04
 1.04324E+03	 1.92800E+04
 1.04787E+03	 1.93464E+04
 1.05250E+03	 1.94059E+04
 1.05713E+03	 1.94758E+04
 1.06176E+03	 1.95554E+04
 1.06638E+03	 1.96185E+04
 1.07100E+03	 1.97000E+04
 1.07562E+03	 1.97404E+04
 1.08024E+03	 1.98119E+04
 1.08485E+03	 1.98619E+04
 1.08946E+03	 1.99200E+04
 1.09407E+03	 1.99958E+04
 1.09868E+03	 2.00406E+04
 1.10328E+03	 2.01265E+04
 1.10788E+03	 2.01513E+04
 1.11248E+03	 2.02361E+04
 1.11708E+03	 2.03050E+04
 1.12167E+03	 2.03570E+04
 1.12626E+03	 2.04056E+04
 1.13085E+03	 2.04526E+04
 1.13544E+03	 2.05229E+04
 1.14002E+03	 2.05701E+04
 1.14460E+03	 2.06020E+04
 1.14918E+03	 2.06530E+04
 1.15376E+03	 2.07120E+04
 1.15833E+03	 2.07679E+04
 1.16291E+03	 2.08179E+04
 1.16748E+03	 2.08525E+04
 1.17204E+03	 2.08726E+04
 1.17661E+03	 2.09500E+04
 1.18117E+03	 2.09994E+04
 1.18573E+03	 2.10308E+04
 1.19029E+03	 2.10731E+04
 1.19484E+03	 2.11043E+04
 1.19939E+03	 2.11913E+04
 1.20394E+03	 2.12228E+04
 1.20849E+03	 2.12728E+04
 1.21304E+03	 2.12985E+04
 1.21758E+03	 2.13628E+04
 1.22212E+03	 2.14181E+04
 1.22666E+03	 2.14438E+04
 1.23119E+03	 2.14856E+04
 1.23573E+03	 2.15314E+04
 1.24026E+03	 2.15691E+04
 1.24479E+03	 2.16125E+04
 1.24931E+03	 2.16646E+04
 1.25384E+03	 2.16800E+04
 1.25836E+03	 2.17666E+04
 1.26288E+03	 2.17825E+04
 1.26739E+03	 2.18375E+04
 1.27191E+03	 2.18696E+04
 1.27642E+03	 2.19470E+04
 1.28093E+03	 2.19480E+04
 1.28543E+03	 2.20008E+04
 1.28994E+03	 2.20581E+04
 1.29444E+03	 2.20783E+04
 1.29894E+03	 2.21126E+04
 1.30344E+03	 2.21468E+04
 1.30793E+03	 2.21621E+04
 1.31243E+03	 2.22256E+04
 1.31692E+03	 2.22551E+04
 1.32140E+03	 2.23379E+04
 1.32589E+03	 2.23299E+04
 1.33037E+03	 2.24069E+04
 1.33485E+03	 2.24145E+04
 1.33933E+03	 2.24664E+04
 1.34381E+03	 2.25244E+04
 1.34828E+03	 2.25436E+04
 1.35275E+03	 2.25820E+04
 1.35722E+03	 2.26210E+04
 1.36169E+03	 2.26611E+04
 1.36615E+03	 2.27175E+04
 1.37061E+03	 2.27615E+04
 1.37507E+03	 2.27946E+04
 1.37953E+03	 2.28143E+04
 1.38398E+03	 2.28791E+04
 1.38844E+03	 2.29245E+04
 1.39289E+03	 2.29480E+04
 1.39733E+03	 2.29841E+04
 1.40178E+03	 2.30216E+04
 1.40622E+03	 2.30430E+04
 1.41066E+03	 2.30894E+04
 1.41510E+03	 2.31204E+04
 1.41954E+03	 2.31746E+04
 1.42397E+03	 2.31999E+04
 1.42840E+03	 2.32145E+04
 1.43283E+03	 2.32670E+04
 1.43726E+03	 2.33038E+04
 1.44168E+03	 2.33454E+04
 1.44610E+03	 2.34120E+04
 1.45052E+03	 2.34349E+04
 1.45494E+03	 2.35055E+04
 1.45936E+03	 2.35119E+04
 1.46377E+03	 2.35831E+04
 1.46818E+03	 2.35876E+04
 1.47259E+03	 2.36569E+04
 1.47699E+03	 2.36926E+04
 1.48140E+03	 2.37344E+04
 1.48580E+03	 2.37884E+04
 1.49020E+03	 2.37979E+04
 1.49459E+03	 2.38733E+04
 1.49899E+03	 2.39196E+04
 1.50338E+03	 2.39521E+04
 1.50777E+03	 2.39720E+04
 1.51216E+03	 2.40083E+04
 1.51654E+03	 2.40533E+04
 1.52092E+03	 2.40766E+04
 1.52530E+03	 2.41515E+04
 1.52968E+03	 2.41786E+04
 1.53406E+03	 2.41941E+04
 1.53843E+03	 2.42609E+04
 1.54280E+03	 2.42710E+04
 1.54717E+03	 2.43389E+04
 1.55154E+03	 2.43529E+04
 1.55590E+03	 2.44171E+04
 1.56027E+03	 2.44569E+04
 1.56463E+03	 2.44854E+04
 1.56898E+03	 2.45215E+04
 1.57334E+03	 2.45758E+04
 1.57769E+03	 2.46350E+04
 1.58204E+03	 2.46580E+04
 1.58639E+03	 2.47031E+04
 1.59074E+03	 2.47264E+04
 1.59508E+03	 2.47683E+04
 1.59942E+03	 2.48088E+04
 1.60376E+03	 2.48808E+04
 1.60810E+03	 2.49024E+04
 1.61243E+03	 2.49490E+04
 1.61677E+03	 2.49870E+04
 1.62110E+03	 2.50191E+04
 1.62542E+03	 2.50508E+04
 1.62975E+03	 2.50871E+04
 1.63407E+03	 2.51195E+04
 1.63840E+03	 2.51728E+04
 1.64271E+03	 2.51781E+04
 1.64703E+03	 2.52474E+04
 1.65135E+03	 2.52853E+04
 1.65566E+03	 2.53291E+04
 1.65997E+03	 2.53764E+04
 1.66428E+03	 2.54219E+04
 1.66858E+03	 2.54618E+04
 1.67289E+03	 2.54875E+04
 1.67719E+03	 2.55541E+04
 1.68149E+03	 2.55961E+04
 1.68578E+03	 2.56256E+04
 1.69008E+03	 2.56836E+04
 1.69437E+03	 2.57225E+04
 1.69866E+03	 2.57471E+04
 1.70295E+03	 2.57973E+04
 1.70723E+03	 2.58425E+04
 1.71152E+03	 2.58720E+04
 1.71580E+03	 2.58906E+04
 1.72008E+03	 2.59481E+04
 1.72435E+03	 2.60050E+04
 1.72863E+03	 2.60071E+04
 1.73290E+03	 2.60738E+04
 1.73717E+03	 2.60930E+04
 1.74144E+03	 2.61366E+04
 1.74570E+03	 2.61873E+04
 1.74997E+03	 2.62244E+04
 1.75423E+03	 2.62690E+04
 1.75849E+03	 2.63191E+04
 1.76274E+03	 2.63549E+04
 1.76700E+03	 2.64083E+04
 1.77125E+03	 2.64241E+04
 1.77550E+03	 2.64624E+04
 1.77975E+03	 2.64958E+04
 1.78399E+03	 2.65435E+04
 1.78824E+03	 2.65611E+04
 1.79248E+03	 2.66213E+04
 1.79672E+03	 2.66566E+04
 1.80095E+03	 2.66864E+04
 1.80519E+03	 2.67366E+04
 1.80942E+03	 2.67630E+04
 1.81365E+03	 2.68018E+04
 1.81788E+03	 2.68238E+04
 1.82211E+03	 2.68860E+04
 1.82633E+03	 2.69100E+04
 1.83055E+03	 2.70018E+04
 1.83477E+03	 2.70059E+04
 1.83899E+03	 2.70711E+04
 1.84320E+03	 2.70763E+04
 1.84742E+03	 2.71379E+04
 1.85163E+03	 2.71605E+04
 1.85584E+03	 2.71990E+04
 1.86004E+03	 2.72568E+04
 1.86425E+03	 2.73039E+04
 1.86845E+03	 2.73346E+04
 1.87265E+03	 2.73734E+04
 1.87685E+03	 2.74250E+04
 1.88104E+03	 2.74351E+04
 1.88524E+03	 2.74966E+04
 1.88943E+03	 2.74880E+04
 1.89362E+03	 2.75610E+04
 1.89780E+03	 2.75783E+04
 1.90199E+03	 2.76240E+04
 1.90617E+03	 2.76579E+04
 1.91035E+03	 2.76721E+04
 1.91453E+03	 2.77533E+04
 1.91871E+03	 2.77613E+04
 1.92288E+03	 2.78186E+04
 1.92705E+03	 2.78630E+04
 1.93122E+03	 2.79196E+04
 1.93539E+03	 2.79385E+04
 1.93956E+03	 2.79743E+04
 1.94372E+03	 2.80580E+04
 1.94788E+03	 2.80836E+04
 1.95204E+03	 2.81013E+04
 1.95620E+03	 2.81079E+04
 1.96035E+03	 2.82028E+04
 1.96451E+03	 2.82383E+04
 1.96866E+03	 2.82790E+04
 1.97280E+03	 2.82716E+04
 1.97695E+03	 2.83544E+04
 1.98110E+03	 2.83853E+04
 1.98524E+03	 2.84283E+04
 1.98938E+03	 2.84635E+04
 1.99352E+03	 2.84971E+04
 1.99765E+03	 2.85111E+04
 2.00179E+03	 2.85724E+04
 2.00592E+03	 2.86293E+04
 2.01005E+03	 2.86651E+04
 2.01417E+03	 2.86959E+04
 2.01830E+03	 2.87458E+04
 2.02242E+03	 2.87808E+04
 2.02654E+03	 2.88469E+04
 2.03066E+03	 2.88861E+04
 2.03478E+03	 2.89356E+04
 2.03889E+03	 2.89508E+04
 2.04301E+03	 2.89928E+04
 2.04712E+03	 2.90244E+04
 2.05123E+03	 2.90538E+04
 2.05533E+03	 2.91381E+04
 2.05944E+03	 2.91654E+04
 2.06354E+03	 2.91685E+04
 2.06764E+03	 2.92105E+04
 2.07174E+03	 2.92655E+04
 2.07583E+03	 2.92940E+04
 2.07993E+03	 2.93415E+04
 2.08402E+03	 2.93741E+04
 2.08811E+03	 2.94055E+04
 2.09219E+03	 2.94378E+04
 2.09628E+03	 2.94933E+04
 2.10036E+03	 2.95185E+04
 2.10444E+03	 2.95538E+04
 2.10852E+03	 2.96131E+04
 2.11260E+03	 2.96215E+04
 2.11668E+03	 2.96995E+04
 2.12075E+03	 2.97491E+04
 2.12482E+03	 2.97788E+04
 2.12889E+03	 2.98328E+04
 2.13296E+03	 2.98474E+04
 2.13702E+03	 2.98976E+04
 2.14108E+03	 2.99390E+04
 2.14514E+03	 2.99834E+04
 2.14920E+03	 3.00391E+04
 2.15326E+03	 3.00931E+04
 2.15731E+03	 3.01329E+04
 2.16137E+03	 3.01868E+04
 2.16542E+03	 3.02244E+04
 2.16946E+03	 3.02320E+04
 2.17351E+03	 3.02515E+04
 2.17755E+03	 3.03089E+04
 2.18160E+03	 3.03496E+04
 2.18564E+03	 3.03990E+04
 2.18967E+03	 3.04304E+04
 2.19371E+03	 3.04674E+04
 2.19774E+03	 3.05010E+04
 2.20178E+03	 3.05558E+04
 2.20581E+03	 3.05913E+04
 2.20983E+03	 3.06106E+04
 2.21386E+03	 3.06846E+04
 2.21788E+03	 3.07139E+04
 2.22190E+03	 3.07486E+04
 2.22592E+03	 3.07665E+04
 2.22994E+03	 3.08425E+04
 2.23396E+03	 3.08689E+04
 2.23797E+03	 3.09070E+04
 2.24198E+03	 3.09689E+04
 2.24599E+03	 3.09739E+04
 2.25000E+03	 3.10465E+04
 2.25401E+03	 3.10739E+04
 2.25801E+03	 3.11199E+04
 2.26201E+03	 3.11986E+04
 2.26601E+03	 3.11861E+04
 2.27001E+03	 3.12379E+04
 2.27400E+03	 3.12899E+04
 2.27800E+03	 3.13355E+04
 2.28199E+03	 3.13878E+04
 2.28598E+03	 3.13974E+04
 2.28996E+03	 3.14620E+04
 2.29395E+03	 3.15006E+04
 2.29793E+03	 3.15106E+04
 2.30191E+03	 3.15771E+04
 2.30589E+03	 3.15840E+04
 2.30987E+03	 3.16531E+04
 2.31384E+03	 3.16850E+04
 2.31782E+03	 3.17475E+04
 2.32179E+03	 3.17959E+04
 2.32576E+03	 3.18249E+04
 2.32973E+03	 3.18664E+04
 2.33369E+03	 3.18765E+04
 2.33765E+03	 3.19596E+04
 2.34162E+03	 3.19636E+04
 2.34557E+03	 3.20498E+04
 2.34953E+03	 3.20791E+04
 2.35349E+03	 3.21113E+04
 2.35744E+03	 3.21754E+04
 2.36139E+03	 3.22148E+04
 2.36534E+03	 3.22499E+04
 2.36929E+03	 3.23241E+04
 2.37323E+03	 3.23290E+04
 2.37718E+03	 3.23684E+04
 2.38112E+03	 3.24231E+04
 2.38506E+03	 3.24179E+04
 2.38900E+03	 3.24843E+04
 2.39293E+03	 3.25471E+04
 2.39686E+03	 3.25408E+04
 2.40080E+03	 3.25705E+04
 2.40473E+03	 3.26139E+04
 2.40865E+03	 3.26804E+04
 2.41258E+03	 3.27005E+04
 2.41650E+03	 3.27568E+04
 2.42042E+03	 3.27746E+04
 2.42434E+03	 3.28336E+04
 2.42826E+03	 3.28799E+04
 2.43218E+03	 3.29235E+04
 2.43609E+03	 3.29879E+04
 2.44000E+03	 3.29946E+04
 2.44391E+03	 3.30679E+04
 2.44782E+03	 3.31011E+04
 2.45173E+03	 3.31228E+04
 2.45563E+03	 3.31798E+04
 2.45953E+03	 3.32208E+04
 2.46343E+03	 3.32763E+04
 2.46733E+03	 3.33239E+04
 2.47123E+03	 3.33483E+04
 2.47512E+03	 3.33750E+04
 2.47902E+03	 3.34383E+04
 2.48291E+03	 3.34951E+04
 2.48679E+03	 3.35153E+04
 2.49068E+03	 3.35355E+04
 2.49457E+03	 3.36174E+04
 2.49845E+03	 3.36465E+04
 2.50233E+03	 3.36609E+04
 2.50621E+03	 3.37540E+04
 2.51008E+03	 3.37534E+04
 2.51396E+03	 3.37784E+04
 2.51783E+03	 3.37870E+04
 2.52170E+03	 3.39015E+04
 2.52557E+03	 3.39226E+04
 2.52944E+03	 3.39383E+04
 2.53331E+03	 3.39761E+04
 2.53717E+03	 3.40146E+04
 2.54103E+03	 3.41096E+04
 2.54489E+03	 3.41158E+04
 2.54875E+03	 3.41469E+04
 2.55260E+03	 3.41859E+04
 2.55646E+03	 3.42551E+04
 2.56031E+03	 3.42794E+04
 2.56416E+03	 3.43286E+04
 2.56801E+03	 3.43389E+04
 2.57185E+03	 3.44303E+04
 2.57570E+03	 3.44338E+04
 2.57954E+03	 3.44595E+04
 2.58338E+03	 3.45184E+04
 2.58722E+03	 3.45706E+04
 2.59105E+03	 3.45653E+04
 2.59489E+03	 3.45915E+04
 2.59872E+03	 3.47285E+04
 2.60255E+03	 3.47066E+04
 2.60638E+03	 3.47504E+04
 2.61021E+03	 3.47880E+04
 2.61403E+03	 3.48593E+04
 2.61786E+03	 3.48580E+04
 2.62168E+03	 3.49015E+04
 2.62550E+03	 3.49423E+04
 2.62932E+03	 3.49609E+04
 2.63313E+03	 3.49835E+04
 2.63695E+03	 3.50781E+04
 2.64076E+03	 3.50989E+04
 2.64457E+03	 3.51515E+04
 2.64838E+03	 3.51660E+04
 2.65218E+03	 3.52115E+04
 2.65599E+03	 3.52315E+04
 2.65979E+03	 3.53121E+04
 2.66359E+03	 3.53125E+04
 2.66739E+03	 3.53743E+04
 2.67118E+03	 3.54299E+04
 2.67498E+03	 3.55071E+04
 2.67877E+03	 3.55190E+04
 2.68256E+03	 3.55614E+04
 2.68635E+03	 3.55615E+04
 2.69014E+03	 3.55855E+04
 2.69393E+03	 3.56676E+04
 2.69771E+03	 3.56654E+04
 2.70149E+03	 3.57335E+04
 2.70527E+03	 3.57746E+04
 2.70905E+03	 3.57968E+04
 2.71283E+03	 3.58394E+04
 2.71660E+03	 3.58604E+04
 2.72037E+03	 3.59063E+04
 2.72414E+03	 3.59341E+04
 2.72791E+03	 3.60005E+04
 2.73168E+03	 3.60366E+04
 2.73544E+03	 3.60884E+04
 2.73921E+03	 3.61319E+04
 2.74297E+03	 3.61895E+04
 2.74673E+03	 3.62225E+04
 2.75049E+03	 3.62250E+04
 2.75424E+03	 3.62996E+04
 2.75800E+03	 3.63166E+04
 2.76175E+03	 3.63444E+04
 2.76550E+03	 3.64196E+04
 2.76925E+03	 3.64441E+04
 2.77299E+03	 3.64896E+04
 2.77674E+03	 3.65293E+04
 2.78048E+03	 3.65781E+04
 2.78422E+03	 3.66133E+04
 2.78796E+03	 3.66338E+04
 2.79170E+03	 3.67023E+04
 2.79544E+03	 3.67304E+04
 2.79917E+03	 3.67586E+04
 2.80290E+03	 3.68144E+04
 2.80663E+03	 3.68081E+04
 2.81036E+03	 3.68658E+04
 2.81409E+03	 3.69161E+04
 2.81781E+03	 3.69626E+04
 2.82153E+03	 3.69900E+04
 2.82525E+03	 3.70566E+04
 2.82897E+03	 3.70953E+04
 2.83269E+03	 3.71245E+04
 2.83641E+03	 3.71701E+04
 2.84012E+03	 3.72145E+04
 2.84383E+03	 3.72623E+04
 2.84754E+03	 3.72950E+04
 2.85125E+03	 3.73253E+04
 2.85496E+03	 3.73806E+04
 2.85866E+03	 3.74251E+04
 2.86236E+03	 3.74824E+04
 2.86606E+03	 3.74734E+04
 2.86976E+03	 3.75030E+04
 2.87346E+03	 3.75796E+04
 2.87716E+03	 3.76275E+04
 2.88085E+03	 3.76429E+04
 2.88454E+03	 3.76784E+04
 2.88823E+03	 3.77515E+04
 2.89192E+03	 3.77704E+04
 2.89561E+03	 3.78103E+04
 2.89929E+03	 3.78431E+04
 2.90297E+03	 3.79109E+04
 2.90666E+03	 3.79239E+04
 2.91033E+03	 3.80054E+04
 2.91401E+03	 3.80438E+04
 2.91769E+03	 3.80670E+04
 2.92136E+03	 3.80678E+04
 2.92503E+03	 3.80868E+04
 2.92870E+03	 3.81805E+04
 2.93237E+03	 3.81916E+04
 2.93604E+03	 3.82469E+04
 2.93970E+03	 3.82703E+04
 2.94337E+03	 3.83778E+04
 2.94703E+03	 3.83864E+04
 2.95069E+03	 3.84444E+04
 2.95435E+03	 3.84976E+04
 2.95800E+03	 3.85050E+04
 2.96166E+03	 3.85420E+04
 2.96531E+03	 3.86063E+04
 2.96896E+03	 3.86316E+04
 2.97261E+03	 3.86774E+04
 2.97626E+03	 3.87200E+04
 2.97990E+03	 3.88140E+04
 2.98354E+03	 3.88173E+04
 2.98719E+03	 3.88505E+04
 2.99083E+03	 3.89285E+04
 2.99446E+03	 3.89623E+04
 2.99810E+03	 3.90063E+04
 3.00174E+03	 3.90704E+04
 3.00537E+03	 3.90618E+04
 3.00900E+03	 3.90824E+04
 3.01263E+03	 3.91499E+04
 3.01626E+03	 3.91343E+04
 3.01988E+03	 3.91983E+04
 3.02351E+03	 3.92499E+04
 3.02713E+03	 3.92909E+04
 3.03075E+03	 3.93495E+04
 3.03437E+03	 3.93499E+04
 3.03799E+03	 3.93530E+04
 3.04160E+03	 3.94494E+04
 3.04521E+03	 3.94725E+04
 3.04883E+03	 3.95346E+04
 3.05244E+03	 3.95544E+04
 3.05605E+03	 3.95719E+04
 3.05965E+03	 3.96035E+04
 3.06326E+03	 3.96414E+04
 3.06686E+03	 3.97053E+04
 3.07046E+03	 3.97203E+04
 3.07406E+03	 3.97120E+04
 3.07766E+03	 3.97873E+04
 3.08125E+03	 3.98356E+04
 3.08485E+03	 3.98803E+04
 3.08844E+03	 3.99159E+04
 3.09203E+03	 3.99435E+04
 3.09562E+03	 4.00114E+04
 3.09921E+03	 3.99934E+04
 3.10280E+03	 4.00600E+04
 3.10638E+03	 4.00740E+04
 3.10996E+03	 4.01190E+04
 3.11354E+03	 4.01884E+04
 3.11712E+03	 4.02123E+04
 3.12070E+03	 4.02914E+04
 3.12427E+03	 4.03363E+04
 3.12785E+03	 4.03378E+04
 3.13142E+03	 4.03989E+04
 3.13499E+03	 4.04044E+04
 3.13856E+03	 4.04305E+04
 3.14212E+03	 4.05249E+04
 3.14569E+03	 4.05395E+04
 3.14925E+03	 4.05843E+04
 3.15281E+03	 4.06093E+04
 3.15637E+03	 4.06605E+04
 3.15993E+03	 4.07391E+04
 3.16349E+03	 4.07244E+04
 3.16704E+03	 4.07526E+04
 3.17060E+03	 4.08036E+04
 3.17415E+03	 4.08686E+04
 3.17770E+03	 4.08889E+04
 3.18124E+03	 4.09260E+04
 3.18479E+03	 4.09673E+04
 3.18834E+03	 4.10318E+04
 3.19188E+03	 4.10969E+04
 3.19542E+03	 4.11213E+04
 3.19896E+03	 4.11863E+04
 3.20250E+03	 4.12288E+04
 3.20603E+03	 4.12216E+04
 3.20957E+03	 4.12641E+04
 3.21310E+03	 4.13271E+04
 3.21663E+03	 4.13764E+04
 3.22016E+03	 4.14208E+04
 3.22369E+03	 4.14585E+04
 3.22721E+03	 4.14759E+04
 3.23074E+03	 4.15105E+04
 3.23426E+03	 4.15400E+04
 3.23778E+03	 4.15848E+04
 3.24130E+03	 4.16423E+04
 3.24481E+03	 4.16906E+04
 3.24833E+03	 4.17229E+04
 3.25184E+03	 4.17374E+04
 3.25536E+03	 4.17529E+04
 3.25887E+03	 4.18320E+04
 3.26238E+03	 4.18548E+04
 3.26588E+03	 4.19148E+04
 3.26939E+03	 4.19524E+04
 3.27289E+03	 4.19918E+04
 3.27639E+03	 4.20369E+04
 3.27989E+03	 4.20568E+04
 3.28339E+03	 4.20990E+04
 3.28689E+03	 4.21643E+04
 3.29039E+03	 4.21973E+04
 3.29388E+03	 4.22199E+04
 3.29737E+03	 4.22183E+04
 3.30086E+03	 4.23215E+04
 3.30435E+03	 4.23414E+04
 3.30784E+03	 4.23829E+04
 3.31132E+03	 4.24179E+04
 3.31481E+03	 4.24654E+04
 3.31829E+03	 4.24580E+04
 3.32177E+03	 4.25229E+04
 3.32525E+03	 4.25609E+04
 3.32873E+03	 4.25966E+04
 3.33220E+03	 4.26301E+04
 3.33567E+03	 4.26251E+04
 3.33915E+03	 4.26846E+04
 3.34262E+03	 4.27231E+04
 3.34609E+03	 4.27359E+04
 3.34955E+03	 4.27684E+04
 3.35302E+03	 4.28153E+04
 3.35648E+03	 4.28668E+04
 3.35994E+03	 4.28930E+04
 3.36341E+03	 4.29299E+04
 3.36686E+03	 4.29555E+04
 3.37032E+03	 4.29885E+04
 3.37378E+03	 4.30391E+04
 3.37723E+03	 4.30506E+04
 3.38068E+03	 4.31045E+04
 3.38413E+03	 4.31274E+04
 3.38758E+03	 4.31879E+04
 3.39103E+03	 4.32410E+04
 3.39448E+03	 4.32160E+04
 3.39792E+03	 4.32791E+04
 3.40136E+03	 4.32859E+04
 3.40480E+03	 4.33269E+04
 3.40824E+03	 4.33429E+04
 3.41168E+03	 4.33786E+04
 3.41512E+03	 4.34166E+04
 3.41855E+03	 4.34574E+04
 3.42198E+03	 4.35014E+04
 3.42541E+03	 4.35334E+04
 3.42884E+03	 4.35551E+04
 3.43227E+03	 4.35980E+04
 3.43570E+03	 4.36373E+04
 3.43912E+03	 4.37028E+04
 3.44254E+03	 4.37080E+04
 3.44597E+03	 4.37020E+04
 3.44939E+03	 4.37505E+04
 3.45280E+03	 4.37859E+04
 3.45622E+03	 4.38458E+04
 3.45963E+03	 4.38749E+04
 3.46305E+03	 4.39234E+04
 3.46646E+03	 4.39649E+04
 3.46987E+03	 4.39745E+04
 3.47328E+03	 4.39953E+04
 3.47668E+03	 4.40750E+04
 3.48009E+03	 4.41043E+04
 3.48349E+03	 4.41376E+04
 3.48689E+03	 4.41910E+04
 3.49029E+03	 4.42299E+04
 3.49369E+03	 4.43003E+04
 3.49709E+03	 4.42865E+04
 3.50049E+03	 4.43495E+04
 3.50388E+03	 4.43564E+04
 3.50727E+03	 4.44004E+04
 3.51066E+03	 4.44194E+04
 3.51405E+03	 4.44539E+04
 3.51744E+03	 4.44691E+04
 3.52082E+03	 4.44918E+04
 3.52421E+03	 4.45364E+04
 3.52759E+03	 4.45171E+04
 3.53097E+03	 4.45913E+04
 3.53435E+03	 4.46064E+04
 3.53773E+03	 4.46203E+04
 3.54110E+03	 4.46486E+04
 3.54448E+03	 4.47246E+04
 3.54785E+03	 4.47600E+04
 3.55122E+03	 4.48011E+04
 3.55459E+03	 4.48369E+04
 3.55796E+03	 4.48878E+04
 3.56133E+03	 4.49075E+04
 3.56469E+03	 4.49670E+04
 3.56806E+03	 4.49760E+04
 3.57142E+03	 4.50329E+04
 3.57478E+03	 4.50731E+04
 3.57814E+03	 4.50774E+04
 3.58149E+03	 4.50928E+04
 3.58485E+03	 4.51225E+04
 3.58820E+03	 4.51868E+04
 3.59156E+03	 4.51934E+04
 3.59491E+03	 4.52331E+04
 3.59826E+03	 4.53179E+04
 3.60160E+03	 4.53256E+04
 3.60495E+03	 4.53750E+04
 3.60829E+03	 4.53954E+04
 3.61164E+03	 4.54511E+04
 3.61498E+03	 4.54766E+04
 3.61832E+03	 4.54589E+04
 3.62166E+03	 4.55390E+04
 3.62499E+03	 4.55733E+04
 3.62833E+03	 4.55889E+04
 3.63166E+03	 4.56070E+04
 3.63499E+03	 4.56210E+04
 3.63832E+03	 4.56849E+04
 3.64165E+03	 4.57148E+04
 3.64498E+03	 4.57275E+04
 3.64831E+03	 4.57730E+04
 3.65163E+03	 4.58174E+04
 3.65495E+03	 4.58191E+04
 3.65827E+03	 4.58488E+04
 3.66159E+03	 4.59340E+04
 3.66491E+03	 4.59624E+04
 3.66823E+03	 4.59831E+04
 3.67154E+03	 4.60080E+04
 3.67485E+03	 4.60146E+04
 3.67817E+03	 4.60839E+04
 3.68148E+03	 4.60789E+04
 3.68478E+03	 4.61480E+04
 3.68809E+03	 4.61688E+04
 3.69140E+03	 4.61834E+04
 3.69470E+03	 4.62095E+04
 3.69800E+03	 4.62284E+04
 3.70130E+03	 4.62720E+04
 3.70460E+03	 4.62848E+04
 3.70790E+03	 4.63463E+04
 3.71120E+03	 4.63616E+04
 3.71449E+03	 4.63950E+04
 3.71778E+03	 4.64205E+04
 3.72108E+03	 4.65099E+04
 3.72437E+03	 4.64943E+04
 3.72765E+03	 4.65236E+04
 3.73094E+03	 4.65220E+04
 3.73423E+03	 4.65561E+04
 3.73751E+03	 4.66003E+04
 3.74079E+03	 4.66060E+04
 3.74407E+03	 4.66704E+04
 3.74735E+03	 4.67116E+04
 3.75063E+03	 4.68065E+04
 3.75391E+03	 4.67888E+04
 3.75718E+03	 4.67869E+04
 3.76045E+03	 4.68126E+04
 3.76373E+03	 4.69114E+04
 3.76700E+03	 4.68985E+04
 3.77026E+03	 4.69266E+04
 3.77353E+03	 4.69501E+04
 3.77680E+03	 4.69738E+04
 3.78006E+03	 4.69763E+04
 3.78332E+03	 4.70621E+04
 3.78658E+03	 4.70665E+04
 3.78984E+03	 4.71183E+04
 3.79310E+03	 4.71455E+04
 3.79636E+03	 4.71606E+04
 3.79961E+03	 4.71529E+04
 3.80287E+03	 4.72406E+04
 3.80612E+03	 4.72281E+04
 3.80937E+03	 4.72566E+04
 3.81262E+03	 4.72578E+04
 3.81586E+03	 4.72948E+04
 3.81911E+03	 4.73015E+04
 3.82235E+03	 4.73891E+04
 3.82560E+03	 4.74149E+04
 3.82884E+03	 4.74505E+04
 3.83208E+03	 4.75088E+04
 3.83532E+03	 4.75323E+04
 3.83855E+03	 4.75275E+04
 3.84179E+03	 4.75939E+04
 3.84502E+03	 4.76131E+04
 3.84825E+03	 4.75870E+04
 3.85148E+03	 4.76453E+04
 3.85471E+03	 4.76841E+04
 3.85794E+03	 4.77328E+04
 3.86117E+03	 4.78083E+04
 3.86439E+03	 4.77954E+04
 3.86762E+03	 4.78111E+04
 3.87084E+03	 4.78880E+04
 3.87406E+03	 4.78420E+04
 3.87728E+03	 4.78864E+04
 3.88049E+03	 4.79248E+04
 3.88371E+03	 4.79700E+04
 3.88692E+03	 4.79926E+04
 3.89014E+03	 4.80240E+04
 3.89335E+03	 4.80844E+04
 3.89656E+03	 4.81088E+04
 3.89977E+03	 4.81248E+04
 3.90297E+03	 4.81704E+04
 3.90618E+03	 4.82554E+04
 3.90938E+03	 4.82553E+04
 3.91258E+03	 4.82648E+04
 3.91579E+03	 4.83146E+04
 3.91898E+03	 4.83446E+04
 3.92218E+03	 4.84039E+04
 3.92538E+03	 4.84554E+04
 3.92857E+03	 4.84578E+04
 3.93177E+03	 4.84756E+04
 3.93496E+03	 4.85380E+04
 3.93815E+03	 4.85868E+04
 3.94134E+03	 4.86349E+04
 3.94453E+03	 4.86201E+04
 3.94771E+03	 4.87149E+04
 3.95090E+03	 4.86789E+04
 3.95408E+03	 4.87099E+04
 3.95726E+03	 4.87950E+04
 3.96044E+03	 4.88048E+04
 3.96362E+03	 4.88288E+04
 3.96680E+03	 4.88540E+04
 3.96997E+03	 4.89160E+04
 3.97315E+03	 4.89290E+04
 3.97632E+03	 4.89698E+04
 3.97949E+03	 4.89859E+04
 3.98266E+03	 4.89988E+04
 3.98583E+03	 4.90595E+04
 3.98900E+03	 4.90701E+04
 3.99216E+03	 4.91140E+04
 3.99533E+03	 4.91348E+04
 3.99849E+03	 4.91379E+04
 4.00165E+03	 4.91845E+04
 4.00481E+03	 4.92545E+04
 4.00797E+03	 4.92485E+04
 4.01113E+03	 4.92565E+04
 4.01428E+03	 4.93485E+04
 4.01744E+03	 4.93779E+04
 4.02059E+03	 4.94808E+04
 4.02374E+03	 4.94504E+04
 4.02689E+03	 4.95449E+04
 4.03004E+03	 4.95290E+04
 4.03318E+03	 4.95446E+04
 4.03633E+03	 4.95661E+04
 4.03947E+03	 4.96626E+04
 4.04262E+03	 4.95993E+04
 4.04576E+03	 4.96570E+04
 4.04890E+03	 4.97170E+04
 4.05203E+03	 4.97485E+04
 4.05517E+03	 4.97159E+04
 4.05831E+03	 4.97769E+04
 4.06144E+03	 4.91551E+04
