# polaram simulate /home/jonas/Dokumente/uni/semester7/bachelorarbeit/scripts/auswertungSpektren/polaram/witec.txt --output /home/jonas/Dokumente/uni/semester7/bachelorarbeit/scripts/auswertungSpektren/polaram/result_witec_phenylalanine.txt --log /home/jonas/code/python/PolaRam/log/muellersimulation.log --matrix /home/jonas/Dokumente/uni/semester7/bachelorarbeit/scripts/auswertungSpektren/polaram/labratoryMatrixPhenylalanine.txt
# Execution time: 2021-01-02 15:17:33.300066

# State.Header   Initial.State.S0  Initial.State.S1  Initial.State.S2  Initial.State.S3     Final.State.S0  Final.State.S1  Final.State.S2  Final.State.S3
v_1_=_33.9110/cm  1.0215836  0.84271433 0.11953466 0.               0.06075326  0.00560624 -0.00211035  0.        
v_2_=_42.9975/cm  1.0215836  0.84271433 0.11953466 0.               0.07551698  0.00716765 -0.00259507  0.        
v_3_=_54.9092/cm  1.0215836  0.84271433 0.11953466 0.               0.02834472  0.00289169 -0.00094563  0.        
v_4_=_91.9286/cm  1.0215836  0.84271433 0.11953466 0.               0.04973853  0.00587752 -0.00154854  0.        
v_5_=_179.9603/cm  1.0215836  0.84271433 0.11953466 0.               0.04835337  0.00510908 -0.00158426  0.        
v_6_=_245.1754/cm  1.0215836  0.84271433 0.11953466 0.               0.00720433  0.00100336 -0.00019923  0.        
v_7_=_289.3892/cm  1.0215836  0.84271433 0.11953466 0.               0.04048505  0.00881676 -0.00067214  0.        
v_8_=_298.6721/cm  1.0215836  0.84271433 0.11953466 0.               0.04250532  0.01100711 -0.0004501   0.        
v_9_=_317.1495/cm  1.0215836  0.84271433 0.11953466 0.              3.30982435e-02 1.11889188e-02 2.94627656e-05 0.00000000e+00
v_10_=_358.5207/cm  1.0215836  0.84271433 0.11953466 0.               1.03678469e-03  1.91867236e-04 -2.18911932e-05  0.00000000e+00
v_11_=_416.0615/cm  1.0215836  0.84271433 0.11953466 0.               4.23296456e-04  1.12945358e-04 -4.04250790e-06  0.00000000e+00
v_12_=_458.2468/cm  1.0215836  0.84271433 0.11953466 0.              0.08607267 0.03075777 0.00031409 0.        
v_13_=_519.3121/cm  1.0215836  0.84271433 0.11953466 0.               0.01719337  0.00254901 -0.00045714  0.        
v_14_=_597.9584/cm  1.0215836  0.84271433 0.11953466 0.               0.03067185  0.00528611 -0.0007007   0.        
v_15_=_627.0428/cm  1.0215836  0.84271433 0.11953466 0.               0.0347291   0.00716307 -0.00063037  0.        
v_16_=_634.8215/cm  1.0215836  0.84271433 0.11953466 0.               0.08261564  0.00764396 -0.00287801  0.        
v_17_=_644.0624/cm  1.0215836  0.84271433 0.11953466 0.               0.04240563  0.01138493 -0.00039311  0.        
v_18_=_711.3407/cm  1.0215836  0.84271433 0.11953466 0.               1.95157862e-03  6.35894605e-04 -1.45422604e-06  0.00000000e+00
v_19_=_755.2786/cm  1.0215836  0.84271433 0.11953466 0.              0.16570052 0.07607082 0.00305235 0.        
v_20_=_771.8421/cm  1.0215836  0.84271433 0.11953466 0.              0.03551563 0.01570006 0.00056525 0.        
v_21_=_804.1376/cm  1.0215836  0.84271433 0.11953466 0.              0.08719193 0.03129126 0.00033997 0.        
v_22_=_834.6371/cm  1.0215836  0.84271433 0.11953466 0.              0.14528081 0.05894611 0.00156769 0.        
v_23_=_859.3486/cm  1.0215836  0.84271433 0.11953466 0.               0.01405805  0.00144249 -0.00046627  0.        
v_24_=_864.7519/cm  1.0215836  0.84271433 0.11953466 0.              0.04942721 0.02042431 0.00058268 0.        
v_25_=_926.4249/cm  1.0215836  0.84271433 0.11953466 0.               0.07080079  0.00883572 -0.0021264   0.        
v_26_=_971.2632/cm  1.0215836  0.84271433 0.11953466 0.               3.59300144e-02  1.14177272e-02 -7.14424157e-05  0.00000000e+00
v_27_=_979.7681/cm  1.0215836  0.84271433 0.11953466 0.               7.64247294e-04  2.14716954e-04 -5.71418115e-06  0.00000000e+00
v_28_=_1001.1721/cm  1.0215836  0.84271433 0.11953466 0.               2.51084213e-03  5.44729176e-04 -4.18145208e-05  0.00000000e+00
v_29_=_1016.2137/cm  1.0215836  0.84271433 0.11953466 0.              0.81906633 0.36762858 0.01388385 0.        
v_30_=_1033.0237/cm  1.0215836  0.84271433 0.11953466 0.               0.54520172  0.13974498 -0.0059754   0.        
v_31_=_1054.6929/cm  1.0215836  0.84271433 0.11953466 0.              0.4221153  0.19330588 0.00771736 0.        
v_32_=_1106.2333/cm  1.0215836  0.84271433 0.11953466 0.               0.08010052  0.02139684 -0.00075002  0.        
v_33_=_1110.4639/cm  1.0215836  0.84271433 0.11953466 0.               0.03216901  0.00297288 -0.00111464  0.        
v_34_=_1159.3392/cm  1.0215836  0.84271433 0.11953466 0.               0.03706188  0.00890925 -0.00048856  0.        
v_35_=_1177.8881/cm  1.0215836  0.84271433 0.11953466 0.               0.0717188   0.01284913 -0.00158695  0.        
v_36_=_1190.6930/cm  1.0215836  0.84271433 0.11953466 0.               0.09179354  0.00858116 -0.00318445  0.        
v_37_=_1212.5763/cm  1.0215836  0.84271433 0.11953466 0.               0.07047215  0.00727291 -0.00232579  0.        
v_38_=_1228.4588/cm  1.0215836  0.84271433 0.11953466 0.              0.54683762 0.23286909 0.0074442  0.        
v_39_=_1238.9638/cm  1.0215836  0.84271433 0.11953466 0.               0.40325017  0.12739489 -0.00093688  0.        
v_40_=_1318.5650/cm  1.0215836  0.84271433 0.11953466 0.               0.07360436  0.00849322 -0.00231125  0.        
v_41_=_1340.0531/cm  1.0215836  0.84271433 0.11953466 0.               0.31414731  0.08654427 -0.00257155  0.        
v_42_=_1359.2679/cm  1.0215836  0.84271433 0.11953466 0.               0.03401815  0.00860348 -0.0003926   0.        
v_43_=_1368.3743/cm  1.0215836  0.84271433 0.11953466 0.               0.0854415   0.01083851 -0.00255481  0.        
v_44_=_1382.1569/cm  1.0215836  0.84271433 0.11953466 0.               0.35959068  0.06632785 -0.00774777  0.        
v_45_=_1460.9495/cm  1.0215836  0.84271433 0.11953466 0.               0.05192221  0.00910482 -0.00117989  0.        
v_46_=_1494.5467/cm  1.0215836  0.84271433 0.11953466 0.               0.03554588  0.00361836 -0.00118235  0.        
v_47_=_1505.4504/cm  1.0215836  0.84271433 0.11953466 0.               0.18161486  0.02278977 -0.00544218  0.        
v_48_=_1539.3000/cm  1.0215836  0.84271433 0.11953466 0.               0.01094531  0.0015129  -0.00030708  0.        
v_49_=_1634.6360/cm  1.0215836  0.84271433 0.11953466 0.               0.20631191  0.01915985 -0.00718122  0.        
v_50_=_1656.0523/cm  1.0215836  0.84271433 0.11953466 0.               1.05036588  0.14755907 -0.02912209  0.        
v_51_=_1680.7437/cm  1.0215836  0.84271433 0.11953466 0.               0.05754722  0.00611569 -0.00186904  0.        
v_52_=_1815.5212/cm  1.0215836  0.84271433 0.11953466 0.               0.13381246  0.04154852 -0.00043122  0.        
v_53_=_3040.0581/cm  1.0215836  0.84271433 0.11953466 0.              2.5258182  1.03712079 0.02875457 0.        
v_54_=_3083.8355/cm  1.0215836  0.84271433 0.11953466 0.               1.63272431  0.26684049 -0.04028709  0.        
v_55_=_3103.7065/cm  1.0215836  0.84271433 0.11953466 0.              0.38806558 0.14714994 0.00270967 0.        
v_56_=_3166.6573/cm  1.0215836  0.84271433 0.11953466 0.               1.14613938  0.20598885 -0.02523072  0.        
v_57_=_3176.1083/cm  1.0215836  0.84271433 0.11953466 0.               1.24953726  0.11547136 -0.04339663  0.        
v_58_=_3185.6408/cm  1.0215836  0.84271433 0.11953466 0.               2.6328315   0.42839401 -0.06443846  0.        
v_59_=_3194.1441/cm  1.0215836  0.84271433 0.11953466 0.               0.83496888  0.07716202 -0.02905999  0.        
v_60_=_3205.5084/cm  1.0215836  0.84271433 0.11953466 0.              6.81350631 2.64360935 0.05540834 0.        
v_61_=_3480.0034/cm  1.0215836  0.84271433 0.11953466 0.              2.50640202 1.03585749 0.02952278 0.        
v_62_=_3571.6208/cm  1.0215836  0.84271433 0.11953466 0.               1.1029901   0.12042013 -0.03579019  0.        
v_63_=_3666.4515/cm  1.0215836  0.84271433 0.11953466 0.               2.68724739  0.82083508 -0.01038104  0.        

# State.Header   Initial.State.S0  Initial.State.S1  Initial.State.S2  Initial.State.S3     Final.State.S0  Final.State.S1  Final.State.S2  Final.State.S3
v_1_=_33.9110/cm   1.0048691   0.93881764 -0.27769096  0.               0.05989657  0.00507331 -0.00412868  0.        
v_2_=_42.9975/cm   1.0048691   0.93881764 -0.27769096  0.               0.07445131  0.00648898 -0.00519231  0.        
v_3_=_54.9092/cm   1.0048691   0.93881764 -0.27769096  0.               0.02795078  0.00261244 -0.00202348  0.        
v_4_=_91.9286/cm   1.0048691   0.93881764 -0.27769096  0.               0.04907987  0.00528782 -0.00384377  0.        
v_5_=_179.9603/cm   1.0048691   0.93881764 -0.27769096  0.               0.04769031  0.00460693 -0.0035139   0.        
v_6_=_245.1754/cm   1.0048691   0.93881764 -0.27769096  0.               0.00711295  0.00089835 -0.0006086   0.        
v_7_=_289.3892/cm   1.0048691   0.93881764 -0.27769096  0.               0.04007993  0.00783615 -0.00458527  0.        
v_8_=_298.6721/cm   1.0048691   0.93881764 -0.27769096  0.               0.04213875  0.00975792 -0.00544987  0.        
v_9_=_317.1495/cm   1.0048691   0.93881764 -0.27769096  0.               0.03289928  0.00989145 -0.00519058  0.        
v_10_=_358.5207/cm   1.0048691   0.93881764 -0.27769096  0.               0.00102529  0.00017085 -0.0001049   0.        
v_11_=_416.0615/cm   1.0048691   0.93881764 -0.27769096  0.               4.19755896e-04  1.00121722e-04 -5.54884660e-05  0.00000000e+00
v_12_=_458.2468/cm   1.0048691   0.93881764 -0.27769096  0.               0.08561046  0.02717924 -0.01410205  0.        
v_13_=_519.3121/cm   1.0048691   0.93881764 -0.27769096  0.               0.01698339  0.00227854 -0.00151495  0.        
v_14_=_597.9584/cm   1.0048691   0.93881764 -0.27769096  0.               0.0303162   0.00471331 -0.00295692  0.        
v_15_=_627.0428/cm   1.0048691   0.93881764 -0.27769096  0.               0.03437135  0.00636625 -0.00378941  0.        
v_16_=_634.8215/cm   1.0048691   0.93881764 -0.27769096  0.               0.08144783  0.00692605 -0.00562612  0.        
v_17_=_644.0624/cm   1.0048691   0.93881764 -0.27769096  0.               0.04205382  0.01008808 -0.00559056  0.        
v_18_=_711.3407/cm   1.0048691   0.93881764 -0.27769096  0.               0.00193885  0.00056238 -0.00029707  0.        
v_19_=_755.2786/cm   1.0048691   0.93881764 -0.27769096  0.               0.16536686  0.06708896 -0.03324998  0.        
v_20_=_771.8421/cm   1.0048691   0.93881764 -0.27769096  0.               0.03542485  0.01385008 -0.00690915  0.        
v_21_=_804.1376/cm   1.0048691   0.93881764 -0.27769096  0.               0.08672388  0.02764913 -0.01433796  0.        
v_22_=_834.6371/cm   1.0048691   0.93881764 -0.27769096  0.               0.14472319  0.05203211 -0.02632715  0.        
v_23_=_859.3486/cm   1.0048691   0.93881764 -0.27769096  0.               0.01386345  0.00130198 -0.00100495  0.        
v_24_=_864.7519/cm   1.0048691   0.93881764 -0.27769096  0.               0.04925129  0.01802616 -0.00909875  0.        
v_25_=_926.4249/cm   1.0048691   0.93881764 -0.27769096  0.               0.06987364  0.00793591 -0.00563384  0.        
v_26_=_971.2632/cm   1.0048691   0.93881764 -0.27769096  0.               0.03568768  0.01010048 -0.00536701  0.        
v_27_=_979.7681/cm   1.0048691   0.93881764 -0.27769096  0.               0.00075818  0.0001902  -0.00010418  0.        
v_28_=_1001.1721/cm   1.0048691   0.93881764 -0.27769096  0.               0.00248565  0.00048407 -0.00028353  0.        
v_29_=_1016.2137/cm   1.0048691   0.93881764 -0.27769096  0.               0.8171284   0.32428134 -0.16127561  0.        
v_30_=_1033.0237/cm   1.0048691   0.93881764 -0.27769096  0.               0.54043923  0.12391438 -0.06934541  0.        
v_31_=_1054.6929/cm   1.0048691   0.93881764 -0.27769096  0.               0.42124037  0.17048946 -0.08450149  0.        
v_32_=_1106.2333/cm   1.0048691   0.93881764 -0.27769096  0.               0.07942927  0.01896235 -0.01050017  0.        
v_33_=_1110.4639/cm   1.0048691   0.93881764 -0.27769096  0.               0.03171457  0.00269068 -0.0021823   0.        
v_34_=_1159.3392/cm   1.0048691   0.93881764 -0.27769096  0.               0.03671732  0.0079053  -0.00449812  0.        
v_35_=_1177.8881/cm   1.0048691   0.93881764 -0.27769096  0.               0.0709072   0.01145202 -0.00712344  0.        
v_36_=_1190.6930/cm   1.0048691   0.93881764 -0.27769096  0.               0.09049846  0.00777273 -0.006282    0.        
v_37_=_1212.5763/cm   1.0048691   0.93881764 -0.27769096  0.               0.06949743  0.00656232 -0.00504333  0.        
v_38_=_1228.4588/cm   1.0048691   0.93881764 -0.27769096  0.               0.54512713  0.20549285 -0.10311495  0.        
v_39_=_1238.9638/cm   1.0048691   0.93881764 -0.27769096  0.               0.40051529  0.11271323 -0.05998135  0.        
v_40_=_1318.5650/cm   1.0048691   0.93881764 -0.27769096  0.               0.07262101  0.00764153 -0.00560724  0.        
v_41_=_1340.0531/cm   1.0048691   0.93881764 -0.27769096  0.               0.311604    0.07667447 -0.04214183  0.        
v_42_=_1359.2679/cm   1.0048691   0.93881764 -0.27769096  0.               0.03371857  0.00763122 -0.00428574  0.        
v_43_=_1368.3743/cm   1.0048691   0.93881764 -0.27769096  0.               0.0843328   0.00973613 -0.00687202  0.        
v_44_=_1382.1569/cm   1.0048691   0.93881764 -0.27769096  0.               0.35561392  0.05911577 -0.03641806  0.        
v_45_=_1460.9495/cm   1.0048691   0.93881764 -0.27769096  0.               0.05132851  0.00811951 -0.00508523  0.        
v_46_=_1494.5467/cm   1.0048691   0.93881764 -0.27769096  0.               0.03505335  0.00326533 -0.00253199  0.        
v_47_=_1505.4504/cm   1.0048691   0.93881764 -0.27769096  0.               0.17924646  0.02046691 -0.01449714  0.        
v_48_=_1539.3000/cm   1.0048691   0.93881764 -0.27769096  0.               0.01080693  0.00135544 -0.00092349  0.        
v_49_=_1634.6360/cm   1.0048691   0.93881764 -0.27769096  0.               0.20340023  0.01735924 -0.01407874  0.        
v_50_=_1656.0523/cm   1.0048691   0.93881764 -0.27769096  0.               1.03718855  0.13212435 -0.08952961  0.        
v_51_=_1680.7437/cm   1.0048691   0.93881764 -0.27769096  0.               0.05675867  0.00551081 -0.00417647  0.        
v_52_=_1815.5212/cm   1.0048691   0.93881764 -0.27769096  0.               0.13288888  0.03676374 -0.01967388  0.        
v_53_=_3040.0581/cm   1.0048691   0.93881764 -0.27769096  0.               2.5166352   0.91544302 -0.46250599  0.        
v_54_=_3083.8355/cm   1.0048691   0.93881764 -0.27769096  0.               1.61354     0.23825757 -0.15358017  0.        
v_55_=_3103.7065/cm   1.0048691   0.93881764 -0.27769096  0.               0.38622237  0.12996221 -0.06657083  0.        
v_56_=_3166.6573/cm   1.0048691   0.93881764 -0.27769096  0.               1.13314648  0.18361834 -0.11394376  0.        
v_57_=_3176.1083/cm   1.0048691   0.93881764 -0.27769096  0.               1.23183375  0.10461399 -0.08477806  0.        
v_58_=_3185.6408/cm   1.0048691   0.93881764 -0.27769096  0.               2.6016414   0.38244614 -0.24560614  0.        
v_59_=_3194.1441/cm   1.0048691   0.93881764 -0.27769096  0.               0.82314831  0.0699249  -0.05672917  0.        
v_60_=_3205.5084/cm   1.0048691   0.93881764 -0.27769096  0.               6.78366648  2.33444654 -1.19148522  0.        
v_61_=_3480.0034/cm   1.0048691   0.93881764 -0.27769096  0.               2.49756051  0.91424039 -0.46138018  0.        
v_62_=_3571.6208/cm   1.0048691   0.93881764 -0.27769096  0.               1.08797108  0.10857589 -0.08184612  0.        
v_63_=_3666.4515/cm   1.0048691   0.93881764 -0.27769096  0.               2.66804449  0.72646756 -0.38985026  0.        

# State.Header   Initial.State.S0  Initial.State.S1  Initial.State.S2  Initial.State.S3     Final.State.S0  Final.State.S1  Final.State.S2  Final.State.S3
v_1_=_33.9110/cm   1.01336926  0.58859156 -0.52415555  0.               0.06047429  0.00293278 -0.00541942  0.        
v_2_=_42.9975/cm   1.01336926  0.58859156 -0.52415555  0.               0.07516809  0.00372903 -0.00684726  0.        
v_3_=_54.9092/cm   1.01336926  0.58859156 -0.52415555  0.               0.02822119  0.00147133 -0.00270648  0.        
v_4_=_91.9286/cm   1.01336926  0.58859156 -0.52415555  0.               0.04956971  0.00285906 -0.00529227  0.        
v_5_=_179.9603/cm   1.01336926  0.58859156 -0.52415555  0.               0.04815836  0.00256297 -0.00473895  0.        
v_6_=_245.1754/cm   1.01336926  0.58859156 -0.52415555  0.               0.0071855   0.00046623 -0.00086621  0.        
v_7_=_289.3892/cm   1.01336926  0.58859156 -0.52415555  0.               0.04054294  0.00372455 -0.00701862  0.        
v_8_=_298.6721/cm   1.01336926  0.58859156 -0.52415555  0.               0.04265364  0.00451312 -0.00855219  0.        
v_9_=_317.1495/cm   1.01336926  0.58859156 -0.52415555  0.               0.03334348  0.00442085 -0.00842061  0.        
v_10_=_358.5207/cm   1.01336926  0.58859156 -0.52415555  0.               1.03657065e-03  8.34869743e-05 -1.56770678e-04  0.00000000e+00
v_11_=_416.0615/cm   1.01336926  0.58859156 -0.52415555  0.               4.24940709e-04  4.61384909e-05 -8.73853627e-05  0.00000000e+00
v_12_=_458.2468/cm   1.01336926  0.58859156 -0.52415555  0.               0.08679385  0.01207335 -0.02301696  0.        
v_13_=_519.3121/cm   1.01336926  0.58859156 -0.52415555  0.               0.0171617   0.00116369 -0.00217945  0.        
v_14_=_597.9584/cm   1.01336926  0.58859156 -0.52415555  0.               0.03064221  0.00233618 -0.00436903  0.        
v_15_=_627.0428/cm   1.01336926  0.58859156 -0.52415555  0.               0.03476764  0.00304525 -0.00575971  0.        
v_16_=_634.8215/cm   1.01336926  0.58859156 -0.52415555  0.               0.08222086  0.00401695 -0.00737428  0.        
v_17_=_644.0624/cm   1.01336926  0.58859156 -0.52415555  0.               0.04258106  0.00463697 -0.00881398  0.        
v_18_=_711.3407/cm   1.01336926  0.58859156 -0.52415555  0.               0.00196462  0.00025245 -0.00048006  0.        
v_19_=_755.2786/cm   1.01336926  0.58859156 -0.52415555  0.               0.16792836  0.02907524 -0.05565947  0.        
v_20_=_771.8421/cm   1.01336926  0.58859156 -0.52415555  0.               0.03596451  0.00602233 -0.01152422  0.        
v_21_=_804.1376/cm   1.01336926  0.58859156 -0.52415555  0.               0.08793191  0.01227078 -0.02341337  0.        
v_22_=_834.6371/cm   1.01336926  0.58859156 -0.52415555  0.               0.14683391  0.02281175 -0.04356218  0.        
v_23_=_859.3486/cm   1.01336926  0.58859156 -0.52415555  0.               0.01399815  0.00073094 -0.00134736  0.        
v_24_=_864.7519/cm   1.01336926  0.58859156 -0.52415555  0.               0.04998114  0.00788533 -0.0150793   0.        
v_25_=_926.4249/cm   1.01336926  0.58859156 -0.52415555  0.               0.07057538  0.00423096 -0.00784341  0.        
v_26_=_971.2632/cm   1.01336926  0.58859156 -0.52415555  0.               0.0361556   0.00454937 -0.00864513  0.        
v_27_=_979.7681/cm   1.01336926  0.58859156 -0.52415555  0.               7.67790242e-04  8.69617633e-05 -1.65176147e-04  0.00000000e+00
v_28_=_1001.1721/cm   1.01336926  0.58859156 -0.52415555  0.               0.00251435  0.00023011 -0.00043392  0.        
v_29_=_1016.2137/cm   1.01336926  0.58859156 -0.52415555  0.               0.82961057  0.14085377 -0.26941274  0.        
v_30_=_1033.0237/cm   1.01336926  0.58859156 -0.52415555  0.               0.54701565  0.05741122 -0.10867101  0.        
v_31_=_1054.6929/cm   1.01336926  0.58859156 -0.52415555  0.               0.42773567  0.07392226 -0.14142674  0.        
v_32_=_1106.2333/cm   1.01336926  0.58859156 -0.52415555  0.               0.08041     0.00873255 -0.01654862  0.        
v_33_=_1110.4639/cm   1.01336926  0.58859156 -0.52415555  0.               0.03201608  0.00155812 -0.00286506  0.        
v_34_=_1159.3392/cm   1.01336926  0.58859156 -0.52415555  0.               0.0371537   0.00369729 -0.00698873  0.        
v_35_=_1177.8881/cm   1.01336926  0.58859156 -0.52415555  0.               0.07167792  0.00563609 -0.01057638  0.        
v_36_=_1190.6930/cm   1.01336926  0.58859156 -0.52415555  0.               0.09135818  0.00449429 -0.00825137  0.        
v_37_=_1212.5763/cm   1.01336926  0.58859156 -0.52415555  0.               0.07016977  0.00367952 -0.00677247  0.        
v_38_=_1228.4588/cm   1.01336926  0.58859156 -0.52415555  0.               0.55324706  0.08969504 -0.17139305  0.        
v_39_=_1238.9638/cm   1.01336926  0.58859156 -0.52415555  0.               0.40576887  0.05080353 -0.09653239  0.        
v_40_=_1318.5650/cm   1.01336926  0.58859156 -0.52415555  0.               0.07334338  0.00415305 -0.00769221  0.        
v_41_=_1340.0531/cm   1.01336926  0.58859156 -0.52415555  0.               0.31549202  0.03516543 -0.06667616  0.        
v_42_=_1359.2679/cm   1.01336926  0.58859156 -0.52415555  0.               0.03412723  0.00354358 -0.00670207  0.        
v_43_=_1368.3743/cm   1.01336926  0.58859156 -0.52415555  0.               0.0851833   0.00517413 -0.00958742  0.        
v_44_=_1382.1569/cm   1.01336926  0.58859156 -0.52415555  0.               0.3595404   0.02894127 -0.05429369  0.        
v_45_=_1460.9495/cm   1.01336926  0.58859156 -0.52415555  0.               0.05188966  0.00400999 -0.00752308  0.        
v_46_=_1494.5467/cm   1.01336926  0.58859156 -0.52415555  0.               0.03539294  0.00183662 -0.00339031  0.        
v_47_=_1505.4504/cm   1.01336926  0.58859156 -0.52415555  0.               0.18105697  0.01089221 -0.02020435  0.        
v_48_=_1539.3000/cm   1.01336926  0.58859156 -0.52415555  0.               0.01091803  0.00070468 -0.00131091  0.        
v_49_=_1634.6360/cm   1.01336926  0.58859156 -0.52415555  0.               0.20533308  0.01005666 -0.01846555  0.        
v_50_=_1656.0523/cm   1.01336926  0.58859156 -0.52415555  0.               1.04789862  0.06839898 -0.12748656  0.        
v_51_=_1680.7437/cm   1.01336926  0.58859156 -0.52415555  0.               0.05731204  0.00306117 -0.00564632  0.        
v_52_=_1815.5212/cm   1.01336926  0.58859156 -0.52415555  0.               0.13463016  0.01659691 -0.03158482  0.        
v_53_=_3040.0581/cm   1.01336926  0.58859156 -0.52415555  0.               2.55364075  0.40087131 -0.76595541  0.        
v_54_=_3083.8355/cm   1.01336926  0.58859156 -0.52415555  0.               1.6310457   0.11922359 -0.22429111  0.        
v_55_=_3103.7065/cm   1.01336926  0.58859156 -0.52415555  0.               0.39169066  0.05736741 -0.10939949  0.        
v_56_=_3166.6573/cm   1.01336926  0.58859156 -0.52415555  0.               1.1454382   0.09036801 -0.16926739  0.        
v_57_=_3176.1083/cm   1.01336926  0.58859156 -0.52415555  0.               1.24353073  0.06067425 -0.11117741  0.        
v_58_=_3185.6408/cm   1.01336926  0.58859156 -0.52415555  0.               2.62934371  0.19178234 -0.35893776  0.        
v_59_=_3194.1441/cm   1.01336926  0.58859156 -0.52415555  0.               0.83095568  0.04057717 -0.07435221  0.        
v_60_=_3205.5084/cm   1.01336926  0.58859156 -0.52415555  0.               6.88053664  1.02822858 -1.96204778  0.        
v_61_=_3480.0034/cm   1.01336926  0.58859156 -0.52415555  0.               2.53438396  0.40006209 -0.76462753  0.        
v_62_=_3571.6208/cm   1.01336926  0.58859156 -0.52415555  0.               1.09863677  0.05998609 -0.11089698  0.        
v_63_=_3666.4515/cm   1.01336926  0.58859156 -0.52415555  0.               2.7028131   0.32863509 -0.62478267  0.        

# State.Header   Initial.State.S0  Initial.State.S1  Initial.State.S2  Initial.State.S3     Final.State.S0  Final.State.S1  Final.State.S2  Final.State.S3
v_1_=_33.9110/cm   1.05056096  0.03012559 -0.51589894  0.               0.06266573  0.00050352 -0.0054594   0.        
v_2_=_42.9975/cm   1.05056096  0.03012559 -0.51589894  0.               0.07789093  0.00058875 -0.00688911  0.        
v_3_=_54.9092/cm   1.05056096  0.03012559 -0.51589894  0.               0.02923979  0.00017103 -0.0027172   0.        
v_4_=_91.9286/cm   1.05056096  0.03012559 -0.51589894  0.               5.13497899e-02  8.44576671e-05 -5.30202369e-03  0.00000000e+00
v_5_=_179.9603/cm   1.05056096  0.03012559 -0.51589894  0.               0.04989749  0.00023484 -0.00476016  0.        
v_6_=_245.1754/cm   1.05056096  0.03012559 -0.51589894  0.               7.44204990e-03 -2.77705255e-05 -8.66100746e-04  0.00000000e+00
v_7_=_289.3892/cm   1.05056096  0.03012559 -0.51589894  0.               0.04196609 -0.00100002 -0.00696435  0.        
v_8_=_298.6721/cm   1.05056096  0.03012559 -0.51589894  0.               0.04413616 -0.00151759 -0.00846923  0.        
v_9_=_317.1495/cm   1.05056096  0.03012559 -0.51589894  0.               0.03448203 -0.00187742 -0.0083163   0.        
v_10_=_358.5207/cm   1.05056096  0.03012559 -0.51589894  0.               1.07319474e-03 -1.66950261e-05 -1.56050728e-04  0.00000000e+00
v_11_=_416.0615/cm   1.05056096  0.03012559 -0.51589894  0.               4.39687616e-04 -1.59672750e-05 -8.64909193e-05  0.00000000e+00
v_12_=_458.2468/cm   1.05056096  0.03012559 -0.51589894  0.               0.08974543 -0.00532304 -0.02271891  0.        
v_13_=_519.3121/cm   1.05056096  0.03012559 -0.51589894  0.               0.01777395 -0.00011169 -0.00217698  0.        
v_14_=_597.9584/cm   1.05056096  0.03012559 -0.51589894  0.               0.03172881 -0.0003882  -0.00435362  0.        
v_15_=_627.0428/cm   1.05056096  0.03012559 -0.51589894  0.               0.03599619 -0.00076622 -0.00572495  0.        
v_16_=_634.8215/cm   1.05056096  0.03012559 -0.51589894  0.               0.08518601  0.00071014 -0.00741593  0.        
v_17_=_644.0624/cm   1.05056096  0.03012559 -0.51589894  0.               0.04406667 -0.00163284 -0.00872478  0.        
v_18_=_711.3407/cm   1.05056096  0.03012559 -0.51589894  0.               0.00203205 -0.00010433 -0.00047428  0.        
v_19_=_755.2786/cm   1.05056096  0.03012559 -0.51589894  0.               0.17351551 -0.01473712 -0.05483     0.        
v_20_=_771.8421/cm   1.05056096  0.03012559 -0.51589894  0.               0.03716594 -0.0029987  -0.01135566  0.        
v_21_=_804.1376/cm   1.05056096  0.03012559 -0.51589894  0.               0.0909345  -0.00544045 -0.02310776  0.        
v_22_=_834.6371/cm   1.05056096  0.03012559 -0.51589894  0.               0.15177773 -0.01085229 -0.04295446  0.        
v_23_=_859.3486/cm   1.05056096  0.03012559 -0.51589894  0.               1.45034730e-02  8.08545486e-05 -1.35414096e-03  0.00000000e+00
v_24_=_864.7519/cm   1.05056096  0.03012559 -0.51589894  0.               0.05166727 -0.00379917 -0.01486633  0.        
v_25_=_926.4249/cm   1.05056096  0.03012559 -0.51589894  0.               7.31063275e-02 -2.72325345e-06 -7.85030483e-03  0.00000000e+00
v_26_=_971.2632/cm   1.05056096  0.03012559 -0.51589894  0.               0.03739487 -0.00184029 -0.00854225  0.        
v_27_=_979.7681/cm   1.05056096  0.03012559 -0.51589894  0.               7.94470773e-04 -3.18384620e-05 -1.63375944e-04  0.00000000e+00
v_28_=_1001.1721/cm   1.05056096  0.03012559 -0.51589894  0.               2.60266315e-03 -6.16281409e-05 -4.30681882e-04  0.00000000e+00
v_29_=_1016.2137/cm   1.05056096  0.03012559 -0.51589894  0.               0.85723273 -0.07054178 -0.26543453  0.        
v_30_=_1033.0237/cm   1.05056096  0.03012559 -0.51589894  0.               0.56604612 -0.01906311 -0.10762912  0.        
v_31_=_1054.6929/cm   1.05056096  0.03012559 -0.51589894  0.               0.44194907 -0.03737509 -0.13931782  0.        
v_32_=_1106.2333/cm   1.05056096  0.03012559 -0.51589894  0.               0.08320114 -0.00303267 -0.01638347  0.        
v_33_=_1110.4639/cm   1.05056096  0.03012559 -0.51589894  0.               0.03317111  0.00027305 -0.00288617  0.        
v_34_=_1159.3392/cm   1.05056096  0.03012559 -0.51589894  0.               0.03845083 -0.00113897 -0.00692727  0.        
v_35_=_1177.8881/cm   1.05056096  0.03012559 -0.51589894  0.               0.07421281 -0.0010341  -0.01052033  0.        
v_36_=_1190.6930/cm   1.05056096  0.03012559 -0.51589894  0.               0.0946517   0.00076676 -0.00829618  0.        
v_37_=_1212.5763/cm   1.05056096  0.03012559 -0.51589894  0.               0.07269822  0.00039869 -0.00680874  0.        
v_38_=_1228.4588/cm   1.05056096  0.03012559 -0.51589894  0.               0.57175791 -0.04374089 -0.16892764  0.        
v_39_=_1238.9638/cm   1.05056096  0.03012559 -0.51589894  0.               0.41969361 -0.02046578 -0.09538784  0.        
v_40_=_1318.5650/cm   1.05056096  0.03012559 -0.51589894  0.               0.07598169  0.00017248 -0.0077139   0.        
v_41_=_1340.0531/cm   1.05056096  0.03012559 -0.51589894  0.               0.32641809 -0.01258423 -0.06598309  0.        
v_42_=_1359.2679/cm   1.05056096  0.03012559 -0.51589894  0.               0.03531444 -0.00115746 -0.00663882  0.        
v_43_=_1368.3743/cm   1.05056096  0.03012559 -0.51589894  0.               8.82337186e-02 -4.42043013e-05 -9.58930015e-03  0.00000000e+00
v_44_=_1382.1569/cm   1.05056096  0.03012559 -0.51589894  0.               0.37225506 -0.00570086 -0.05399139  0.        
v_45_=_1460.9495/cm   1.05056096  0.03012559 -0.51589894  0.               0.05373459 -0.00070453 -0.00748724  0.        
v_46_=_1494.5467/cm   1.05056096  0.03012559 -0.51589894  0.               0.03666969  0.00021154 -0.003408    0.        
v_47_=_1505.4504/cm   1.05056096  0.03012559 -0.51589894  0.               1.87554946e-01 -5.15574767e-05 -2.02256276e-02  0.00000000e+00
v_48_=_1539.3000/cm   1.05056096  0.03012559 -0.51589894  0.               1.13085667e-02 -3.98857658e-05 -1.31017559e-03  0.00000000e+00
v_49_=_1634.6360/cm   1.05056096  0.03012559 -0.51589894  0.               0.21273709  0.00175412 -0.01856837  0.        
v_50_=_1656.0523/cm   1.05056096  0.03012559 -0.51589894  0.               1.0853548  -0.00450417 -0.12739061  0.        
v_51_=_1680.7437/cm   1.05056096  0.03012559 -0.51589894  0.               0.05937627  0.00027353 -0.00567829  0.        
v_52_=_1815.5212/cm   1.05056096  0.03012559 -0.51589894  0.               0.13926209 -0.00661624 -0.03121164  0.        
v_53_=_3040.0581/cm   1.05056096  0.03012559 -0.51589894  0.               2.63957211 -0.19203193 -0.75513094  0.        
v_54_=_3083.8355/cm   1.05056096  0.03012559 -0.51589894  0.               1.68931728 -0.0172638  -0.2233012   0.        
v_55_=_3103.7065/cm   1.05056096  0.03012559 -0.51589894  0.               0.40497116 -0.02625044 -0.10793474  0.        
v_56_=_3166.6573/cm   1.05056096  0.03012559 -0.51589894  0.               1.18593354 -0.01660605 -0.16836183  0.        
v_57_=_3176.1083/cm   1.05056096  0.03012559 -0.51589894  0.               1.28842051  0.01073987 -0.11190927  0.        
v_58_=_3185.6408/cm   1.05056096  0.03012559 -0.51589894  0.               2.722805   -0.02668305 -0.35771007  0.        
v_59_=_3194.1441/cm   1.05056096  0.03012559 -0.51589894  0.               0.86093173  0.0072132  -0.0748026   0.        
v_60_=_3205.5084/cm   1.05056096  0.03012559 -0.51589894  0.               7.11269275 -0.47646193 -1.93526004  0.        
v_61_=_3480.0034/cm   1.05056096  0.03012559 -0.51589894  0.               2.6195593  -0.19236458 -0.75382853  0.        
v_62_=_3571.6208/cm   1.05056096  0.03012559 -0.51589894  0.               1.13820027  0.0045483  -0.11112231  0.        
v_63_=_3666.4515/cm   1.05056096  0.03012559 -0.51589894  0.               2.79612893 -0.12929895 -0.61750742  0.        

# State.Header   Initial.State.S0  Initial.State.S1  Initial.State.S2  Initial.State.S3     Final.State.S0  Final.State.S1  Final.State.S2  Final.State.S3
v_1_=_33.9110/cm   0.98123145 -0.94009844 -0.05517238  0.               0.0583546  -0.00286435 -0.00285918  0.        
v_2_=_42.9975/cm   0.98123145 -0.94009844 -0.05517238  0.               0.07253154 -0.0037661  -0.00354665  0.        
v_3_=_54.9092/cm   0.98123145 -0.94009844 -0.05517238  0.               0.02721657 -0.00162393 -0.00133904  0.        
v_4_=_91.9286/cm   0.98123145 -0.94009844 -0.05517238  0.               0.04775147 -0.00371322 -0.00241292  0.        
v_5_=_179.9603/cm   0.98123145 -0.94009844 -0.05517238  0.               0.04643754 -0.00296715 -0.00231029  0.        
v_6_=_245.1754/cm   0.98123145 -0.94009844 -0.05517238  0.               0.00691443 -0.00069806 -0.00035878  0.        
v_7_=_289.3892/cm   0.98123145 -0.94009844 -0.05517238  0.               0.03884928 -0.00733283 -0.00221104  0.        
v_8_=_298.6721/cm   0.98123145 -0.94009844 -0.05517238  0.               0.04077939 -0.00957058 -0.00243322  0.        
v_9_=_317.1495/cm   0.98123145 -0.94009844 -0.05517238  0.               0.03174561 -0.01025455 -0.00205849  0.        
v_10_=_358.5207/cm   0.98123145 -0.94009844 -0.05517238  0.               9.94924676e-04 -1.51382243e-04 -5.47595925e-05  0.00000000e+00
v_11_=_416.0615/cm   0.98123145 -0.94009844 -0.05517238  0.               4.06106801e-04 -9.88915947e-05 -2.44078313e-05  0.00000000e+00
v_12_=_458.2468/cm   0.98123145 -0.94009844 -0.05517238  0.               0.08255222 -0.02844757 -0.005455    0.        
v_13_=_519.3121/cm   0.98123145 -0.94009844 -0.05517238  0.               0.01650524 -0.00183734 -0.00087095  0.        
v_14_=_597.9584/cm   0.98123145 -0.94009844 -0.05517238  0.               0.02943583 -0.00405871 -0.00159167  0.        
v_15_=_627.0428/cm   0.98123145 -0.94009844 -0.05517238  0.               0.0333448  -0.00587519 -0.00188779  0.        
v_16_=_634.8215/cm   0.98123145 -0.94009844 -0.05517238  0.               0.07930698 -0.00388487 -0.00385791  0.        
v_17_=_644.0624/cm   0.98123145 -0.94009844 -0.05517238  0.               0.0407102  -0.00999937 -0.00245633  0.        
v_18_=_711.3407/cm   0.98123145 -0.94009844 -0.05517238  0.               0.00187227 -0.00057914 -0.00011964  0.        
v_19_=_755.2786/cm   0.98123145 -0.94009844 -0.05517238  0.               0.1588889  -0.07282291 -0.01155792  0.        
v_20_=_771.8421/cm   0.98123145 -0.94009844 -0.05517238  0.               0.03405872 -0.01496296 -0.00244063  0.        
v_21_=_804.1376/cm   0.98123145 -0.94009844 -0.05517238  0.               0.08366439 -0.02898171 -0.00553023  0.        
v_22_=_834.6371/cm   0.98123145 -0.94009844 -0.05517238  0.               0.13932467 -0.05553595 -0.0096381   0.        
v_23_=_859.3486/cm   0.98123145 -0.94009844 -0.05517238  0.               0.01349927 -0.00081504 -0.00066812  0.        
v_24_=_864.7519/cm   0.98123145 -0.94009844 -0.05517238  0.               0.04741987 -0.01930561 -0.00330576  0.        
v_25_=_926.4249/cm   0.98123145 -0.94009844 -0.05517238  0.               0.06796815 -0.0057795  -0.00345719  0.        
v_26_=_971.2632/cm   0.98123145 -0.94009844 -0.05517238  0.               0.03445963 -0.01034687 -0.00218407  0.        
v_27_=_979.7681/cm   0.98123145 -0.94009844 -0.05517238  0.               7.33532025e-04 -1.90300917e-04 -4.47113067e-05  0.00000000e+00
v_28_=_1001.1721/cm   0.98123145 -0.94009844 -0.05517238  0.               0.0024095  -0.00045258 -0.00013718  0.        
v_29_=_1016.2137/cm   0.98123145 -0.94009844 -0.05517238  0.               0.78527732 -0.35087497 -0.05656349  0.        
v_30_=_1033.0237/cm   0.98123145 -0.94009844 -0.05517238  0.               0.52308034 -0.12121607 -0.03110124  0.        
v_31_=_1054.6929/cm   0.98123145 -0.94009844 -0.05517238  0.               0.40469153 -0.18494028 -0.02938634  0.        
v_32_=_1106.2333/cm   0.98123145 -0.94009844 -0.05517238  0.               0.07684889 -0.0187357  -0.00462534  0.        
v_33_=_1110.4639/cm   0.98123145 -0.94009844 -0.05517238  0.               0.03088218 -0.00150918 -0.00151089  0.        
v_34_=_1159.3392/cm   0.98123145 -0.94009844 -0.05517238  0.               0.03555911 -0.00760557 -0.00207615  0.        
v_35_=_1177.8881/cm   0.98123145 -0.94009844 -0.05517238  0.               0.06881994 -0.01001432 -0.00373652  0.        
v_36_=_1190.6930/cm   0.98123145 -0.94009844 -0.05517238  0.               0.08811532 -0.00440906 -0.00429094  0.        
v_37_=_1212.5763/cm   0.98123145 -0.94009844 -0.05517238  0.               0.06765706 -0.00412004 -0.00335423  0.        
v_38_=_1228.4588/cm   0.98123145 -0.94009844 -0.05517238  0.               0.52429895 -0.22078452 -0.03697194  0.        
v_39_=_1238.9638/cm   0.98123145 -0.94009844 -0.05517238  0.               0.38678997 -0.11536514 -0.02447984  0.        
v_40_=_1318.5650/cm   0.98123145 -0.94009844 -0.05517238  0.               0.07067241 -0.00527744 -0.00356345  0.        
v_41_=_1340.0531/cm   0.98123145 -0.94009844 -0.05517238  0.               0.30137305 -0.07628817 -0.01829723  0.        
v_42_=_1359.2679/cm   0.98123145 -0.94009844 -0.05517238  0.               0.03263613 -0.00743982 -0.00193489  0.        
v_43_=_1368.3743/cm   0.98123145 -0.94009844 -0.05517238  0.               0.08201592 -0.00716531 -0.00418161  0.        
v_44_=_1382.1569/cm   0.98123145 -0.94009844 -0.05517238  0.               0.34511388 -0.052337   -0.01890962  0.        
v_45_=_1460.9495/cm   0.98123145 -0.94009844 -0.05517238  0.               0.04985048 -0.00705744 -0.00269879  0.        
v_46_=_1494.5467/cm   0.98123145 -0.94009844 -0.05517238  0.               0.03412987 -0.00202764 -0.00168822  0.        
v_47_=_1505.4504/cm   0.98123145 -0.94009844 -0.05517238  0.               0.17437074 -0.01498097 -0.00889523  0.        
v_48_=_1539.3000/cm   0.98123145 -0.94009844 -0.05517238  0.               0.01050746 -0.0010512  -0.00054455  0.        
v_49_=_1634.6360/cm   0.98123145 -0.94009844 -0.05517238  0.               0.19804932 -0.00978059 -0.00964148  0.        
v_50_=_1656.0523/cm   0.98123145 -0.94009844 -0.05517238  0.               1.00832798 -0.10342726 -0.05246003  0.        
v_51_=_1680.7437/cm   0.98123145 -0.94009844 -0.05517238  0.               0.05525035 -0.00355596 -0.00276101  0.        
v_52_=_1815.5212/cm   0.98123145 -0.94009844 -0.05517238  0.               0.12837728 -0.03753005 -0.00808536  0.        
v_53_=_3040.0581/cm   0.98123145 -0.94009844 -0.05517238  0.               2.42243844 -0.97898344 -0.16838429  0.        
v_54_=_3083.8355/cm   0.98123145 -0.94009844 -0.05517238  0.               1.56812495 -0.20155692 -0.08363439  0.        
v_55_=_3103.7065/cm   0.98123145 -0.94009844 -0.05517238  0.               0.37222183 -0.13732277 -0.02508811  0.        
v_56_=_3166.6573/cm   0.98123145 -0.94009844 -0.05517238  0.               1.09975703 -0.16065881 -0.05967937  0.        
v_57_=_3176.1083/cm   0.98123145 -0.94009844 -0.05517238  0.               1.19960669 -0.05863341 -0.05846325  0.        
v_58_=_3185.6408/cm   0.98123145 -0.94009844 -0.05517238  0.               2.52700569 -0.32160991 -0.1348388   0.        
v_59_=_3194.1441/cm   0.98123145 -0.94009844 -0.05517238  0.               0.80154639 -0.03916052 -0.03900885  0.        
v_60_=_3205.5084/cm   0.98123145 -0.94009844 -0.05517238  0.               6.53337917 -2.47475468 -0.44454029  0.        
v_61_=_3480.0034/cm   0.98123145 -0.94009844 -0.05517238  0.               2.40364995 -0.97858177 -0.16763934  0.        
v_62_=_3571.6208/cm   0.98123145 -0.94009844 -0.05517238  0.               1.0590073  -0.07166287 -0.05254981  0.        
v_63_=_3666.4515/cm   0.98123145 -0.94009844 -0.05517238  0.               2.57870135 -0.73933593 -0.16130974  0.        

# State.Header   Initial.State.S0  Initial.State.S1  Initial.State.S2  Initial.State.S3     Final.State.S0  Final.State.S1  Final.State.S2  Final.State.S3
v_1_=_33.9110/cm   1.00729259 -0.59688005  0.2659157   0.               0.0598072  -0.00052667 -0.00127282  0.        
v_2_=_42.9975/cm   1.00729259 -0.59688005  0.2659157   0.               0.07433858 -0.0007555  -0.00150743  0.        
v_3_=_54.9092/cm   1.00729259 -0.59688005  0.2659157   0.               0.02789229 -0.00038164 -0.00049246  0.        
v_4_=_91.9286/cm   1.00729259 -0.59688005  0.2659157   0.               0.04891585 -0.0010784  -0.0006018   0.        
v_5_=_179.9603/cm   1.00729259 -0.59688005  0.2659157   0.               0.04758193 -0.00074368 -0.00078919  0.        
v_6_=_245.1754/cm   1.00729259 -0.59688005  0.2659157   0.               7.08072521e-03 -2.30543378e-04 -3.41498172e-05  0.00000000e+00
v_7_=_289.3892/cm   1.00729259 -0.59688005  0.2659157   0.               0.03970868 -0.00291021  0.00090133  0.        
v_8_=_298.6721/cm   1.00729259 -0.59688005  0.2659157   0.               0.04164211 -0.00393664  0.0015493   0.        
v_9_=_317.1495/cm   1.00729259 -0.59688005  0.2659157   0.               0.03235829 -0.00438798  0.00210594  0.        
v_10_=_358.5207/cm   1.00729259 -0.59688005  0.2659157   0.               1.01771602e-03 -5.72368370e-05  1.12758351e-05  0.00000000e+00
v_11_=_416.0615/cm   1.00729259 -0.59688005  0.2659157   0.               4.14621085e-04 -4.09202868e-05  1.65647176e-05  0.00000000e+00
v_12_=_458.2468/cm   1.00729259 -0.59688005  0.2659157   0.               0.08410717 -0.0122533   0.00604767  0.        
v_13_=_519.3121/cm   1.00729259 -0.59688005  0.2659157   0.               1.68955132e-02 -6.32443754e-04 -3.14665778e-05  0.00000000e+00
v_14_=_597.9584/cm   1.00729259 -0.59688005  0.2659157   0.               0.03012061 -0.00149489  0.00020215  0.        
v_15_=_627.0428/cm   1.00729259 -0.59688005  0.2659157   0.               0.03408494 -0.00230076  0.00062782  0.        
v_16_=_634.8215/cm   1.00729259 -0.59688005  0.2659157   0.               0.08129499 -0.00070836 -0.00170705  0.        
v_17_=_644.0624/cm   1.00729259 -0.59688005  0.2659157   0.               0.04155504 -0.00414577  0.00168441  0.        
v_18_=_711.3407/cm   1.00729259 -0.59688005  0.2659157   0.               0.001909   -0.00024672  0.00011617  0.        
v_19_=_755.2786/cm   1.00729259 -0.59688005  0.2659157   0.               0.16149732 -0.03211526  0.01743781  0.        
v_20_=_771.8421/cm   1.00729259 -0.59688005  0.2659157   0.               0.03463071 -0.00657931  0.00352856  0.        
v_21_=_804.1376/cm   1.00729259 -0.59688005  0.2659157   0.               0.08523061 -0.01249619  0.00618059  0.        
v_22_=_834.6371/cm   1.00729259 -0.59688005  0.2659157   0.               0.14179524 -0.02422857  0.01263374  0.        
v_23_=_859.3486/cm   1.00729259 -0.59688005  0.2659157   0.               0.01383367 -0.00019334 -0.0002438   0.        
v_24_=_864.7519/cm   1.00729259 -0.59688005  0.2659157   0.               0.04824631 -0.00844175  0.00442412  0.        
v_25_=_926.4249/cm   1.00729259 -0.59688005  0.2659157   0.               0.06961918 -0.0017641  -0.00068609  0.        
v_26_=_971.2632/cm   1.00729259 -0.59688005  0.2659157   0.               0.0351438  -0.00439189  0.00203886  0.        
v_27_=_979.7681/cm   1.00729259 -0.59688005  0.2659157   0.               7.48600190e-04 -7.94731158e-05  3.37208065e-05  0.00000000e+00
v_28_=_1001.1721/cm   1.00729259 -0.59688005  0.2659157   0.               2.46282690e-03 -1.79388377e-04  5.51453563e-05  0.00000000e+00
v_29_=_1016.2137/cm   1.00729259 -0.59688005  0.2659157   0.               0.79840189 -0.15442987  0.08332646  0.        
v_30_=_1033.0237/cm   1.00729259 -0.59688005  0.2659157   0.               0.53418529 -0.049775    0.01937213  0.        
v_31_=_1054.6929/cm   1.00729259 -0.59688005  0.2659157   0.               0.41137029 -0.08152783  0.0442689   0.        
v_32_=_1106.2333/cm   1.00729259 -0.59688005  0.2659157   0.               0.07846068 -0.00774947  0.00314352  0.        
v_33_=_1110.4639/cm   1.00729259 -0.59688005  0.2659157   0.               0.03165573 -0.00027206 -0.0006717   0.        
v_34_=_1159.3392/cm   1.00729259 -0.59688005  0.2659157   0.               0.03632849 -0.00308264  0.00111637  0.        
v_35_=_1177.8881/cm   1.00729259 -0.59688005  0.2659157   0.               0.07040898 -0.00374502  0.00065755  0.        
v_36_=_1190.6930/cm   1.00729259 -0.59688005  0.2659157   0.               0.0903229  -0.0008304  -0.00186583  0.        
v_37_=_1212.5763/cm   1.00729259 -0.59688005  0.2659157   0.               0.06933607 -0.00098156 -0.00121116  0.        
v_38_=_1228.4588/cm   1.00729259 -0.59688005  0.2659157   0.               0.53335115 -0.09674277  0.05130756  0.        
v_39_=_1238.9638/cm   1.00729259 -0.59688005  0.2659157   0.               0.39446963 -0.04895131  0.02260132  0.        
v_40_=_1318.5650/cm   1.00729259 -0.59688005  0.2659157   0.               0.07239964 -0.00149051 -0.00096059  0.        
v_41_=_1340.0531/cm   1.00729259 -0.59688005  0.2659157   0.               0.30763623 -0.03171984  0.01323398  0.        
v_42_=_1359.2679/cm   1.00729259 -0.59688005  0.2659157   0.               0.03333114 -0.00304841  0.00116552  0.        
v_43_=_1368.3743/cm   1.00729259 -0.59688005  0.2659157   0.               0.08400281 -0.00222342 -0.000773    0.        
v_44_=_1382.1569/cm   1.00729259 -0.59688005  0.2659157   0.               0.35300263 -0.01982784  0.00385401  0.        
v_45_=_1460.9495/cm   1.00729259 -0.59688005  0.2659157   0.               0.05099908 -0.00262717  0.00040102  0.        
v_46_=_1494.5467/cm   1.00729259 -0.59688005  0.2659157   0.               0.03497649 -0.00047161 -0.00062514  0.        
v_47_=_1505.4504/cm   1.00729259 -0.59688005  0.2659157   0.               0.17859386 -0.00460583 -0.00173704  0.        
v_48_=_1539.3000/cm   1.00729259 -0.59688005  0.2659157   0.               1.07591856e-02 -3.47209877e-04 -5.63964407e-05  0.00000000e+00
v_49_=_1634.6360/cm   1.00729259 -0.59688005  0.2659157   0.               0.20301063 -0.00180794 -0.0042426   0.        
v_50_=_1656.0523/cm   1.00729259 -0.59688005  0.2659157   0.               1.03241716 -0.03450414 -0.00460186  0.        
v_51_=_1680.7437/cm   1.00729259 -0.59688005  0.2659157   0.               0.05661575 -0.00089077 -0.00093656  0.        
v_52_=_1815.5212/cm   1.00729259 -0.59688005  0.2659157   0.               0.13093087 -0.01589404  0.0072536   0.        
v_53_=_3040.0581/cm   1.00729259 -0.59688005  0.2659157   0.               2.46499044 -0.42770281  0.22380678  0.        
v_54_=_3083.8355/cm   1.00729259 -0.59688005  0.2659157   0.               1.60448208 -0.07312957  0.00609692  0.        
v_55_=_3103.7065/cm   1.00729259 -0.59688005  0.2659157   0.               0.37905591 -0.05951955  0.03021348  0.        
v_56_=_3166.6573/cm   1.00729259 -0.59688005  0.2659157   0.               1.12518031 -0.06014629  0.01073053  0.        
v_57_=_3176.1083/cm   1.00729259 -0.59688005  0.2659157   0.               1.22967805 -0.01065157 -0.0260045   0.        
v_58_=_3185.6408/cm   1.00729259 -0.59688005  0.2659157   0.               2.58619108 -0.1158373   0.00889834  0.        
v_59_=_3194.1441/cm   1.00729259 -0.59688005  0.2659157   0.               0.82164735 -0.00711485 -0.01733451  0.        
v_60_=_3205.5084/cm   1.00729259 -0.59688005  0.2659157   0.               6.65203216 -1.07496427  0.55071741  0.        
v_61_=_3480.0034/cm   1.00729259 -0.59688005  0.2659157   0.               2.44572159 -0.42773029  0.2243082   0.        
v_62_=_3571.6208/cm   1.00729259 -0.59688005  0.2659157   0.               1.08510122 -0.01885566 -0.01636478  0.        
v_63_=_3666.4515/cm   1.00729259 -0.59688005  0.2659157   0.               2.63030792 -0.31248893  0.14116542  0.        

# State.Header   Initial.State.S0  Initial.State.S1  Initial.State.S2  Initial.State.S3     Final.State.S0  Final.State.S1  Final.State.S2  Final.State.S3
v_1_=_33.9110/cm  1.01443388 0.03149704 0.51488391 0.               6.01680029e-02  2.89105784e-03 -1.83750413e-05  0.00000000e+00
v_2_=_42.9975/cm  1.01443388 0.03149704 0.51488391 0.              0.07478892 0.00365288 0.00010029 0.        
v_3_=_54.9092/cm  1.01443388 0.03149704 0.51488391 0.              0.02806144 0.00143962 0.0001721  0.        
v_4_=_91.9286/cm  1.01443388 0.03149704 0.51488391 0.              0.04920046 0.00279236 0.00081625 0.        
v_5_=_179.9603/cm  1.01443388 0.03149704 0.51488391 0.              0.04786301 0.00251589 0.0004072  0.        
v_6_=_245.1754/cm  1.01443388 0.03149704 0.51488391 0.              0.0071209  0.00045695 0.00021963 0.        
v_7_=_289.3892/cm  1.01443388 0.03149704 0.51488391 0.              0.03988687 0.00361898 0.00331303 0.        
v_8_=_298.6721/cm  1.01443388 0.03149704 0.51488391 0.              0.0418053  0.00438626 0.00463076 0.        
v_9_=_317.1495/cm  1.01443388 0.03149704 0.51488391 0.              0.03244872 0.00428755 0.00532199 0.        
v_10_=_358.5207/cm  1.01443388 0.03149704 0.51488391 0.              1.02278397e-03 8.15471955e-05 6.26411163e-05 0.00000000e+00
v_11_=_416.0615/cm  1.01443388 0.03149704 0.51488391 0.              4.16196027e-04 4.47488574e-05 4.82470207e-05 0.00000000e+00
v_12_=_458.2468/cm  1.01443388 0.03149704 0.51488391 0.              0.08431795 0.0117002  0.01492683 0.        
v_13_=_519.3121/cm  1.01443388 0.03149704 0.51488391 0.              0.01698619 0.00114041 0.00062397 0.        
v_14_=_597.9584/cm  1.01443388 0.03149704 0.51488391 0.              0.03027687 0.00228275 0.00159903 0.        
v_15_=_627.0428/cm  1.01443388 0.03149704 0.51488391 0.              0.03423524 0.0029722  0.00258194 0.        
v_16_=_634.8215/cm  1.01443388 0.03149704 0.51488391 0.               8.18049702e-02  3.93965546e-03 -1.42223183e-05  0.00000000e+00
v_17_=_644.0624/cm  1.01443388 0.03149704 0.51488391 0.              0.04170124 0.00450362 0.00488716 0.        
v_18_=_711.3407/cm  1.01443388 0.03149704 0.51488391 0.              0.00191462 0.00024483 0.00029832 0.        
v_19_=_755.2786/cm  1.01443388 0.03149704 0.51488391 0.              0.16165922 0.02813671 0.03979321 0.        
v_20_=_771.8421/cm  1.01443388 0.03149704 0.51488391 0.              0.03467313 0.0058285  0.0081315  0.        
v_21_=_804.1376/cm  1.01443388 0.03149704 0.51488391 0.              0.08542917 0.01188916 0.01521926 0.        
v_22_=_834.6371/cm  1.01443388 0.03149704 0.51488391 0.              0.14205354 0.02209472 0.02981598 0.        
v_23_=_859.3486/cm  1.01443388 0.03149704 0.51488391 0.              1.39169195e-02 7.17638385e-04 9.02412019e-05 0.00000000e+00
v_24_=_864.7519/cm  1.01443388 0.03149704 0.51488391 0.              0.04832048 0.00763423 0.01038665 0.        
v_25_=_926.4249/cm  1.01443388 0.03149704 0.51488391 0.              0.07002108 0.00413696 0.00148093 0.        
v_26_=_971.2632/cm  1.01443388 0.03149704 0.51488391 0.              0.03525493 0.00441276 0.00530091 0.        
v_27_=_979.7681/cm  1.01443388 0.03149704 0.51488391 0.              7.51169350e-04 8.43376335e-05 9.43334733e-05 0.00000000e+00
v_28_=_1001.1721/cm  1.01443388 0.03149704 0.51488391 0.              0.00247387 0.00022386 0.00020424 0.        
v_29_=_1016.2137/cm  1.01443388 0.03149704 0.51488391 0.              0.79938133 0.13631626 0.19118673 0.        
v_30_=_1033.0237/cm  1.01443388 0.03149704 0.51488391 0.              0.5363001  0.05576622 0.05842891 0.        
v_31_=_1054.6929/cm  1.01443388 0.03149704 0.51488391 0.              0.41182176 0.07153353 0.10105477 0.        
v_32_=_1106.2333/cm  1.01443388 0.03149704 0.51488391 0.              0.07875885 0.00848291 0.00915378 0.        
v_33_=_1110.4639/cm  1.01443388 0.03149704 0.51488391 0.               3.18535932e-02  1.53635887e-03 -8.10239531e-06  0.00000000e+00
v_34_=_1159.3392/cm  1.01443388 0.03149704 0.51488391 0.              0.03648148 0.00359644 0.00358849 0.        
v_35_=_1177.8881/cm  1.01443388 0.03149704 0.51488391 0.              0.07076848 0.00549685 0.0040691  0.        
v_36_=_1190.6930/cm  1.01443388 0.03149704 0.51488391 0.              9.08891535e-02 4.40706580e-03 4.20886553e-05 0.00000000e+00
v_37_=_1212.5763/cm  1.01443388 0.03149704 0.51488391 0.              0.0697584  0.00361664 0.00047751 0.        
v_38_=_1228.4588/cm  1.01443388 0.03149704 0.51488391 0.              0.53418994 0.086822   0.11938975 0.        
v_39_=_1238.9638/cm  1.01443388 0.03149704 0.51488391 0.              0.39570763 0.04924917 0.05896997 0.        
v_40_=_1318.5650/cm  1.01443388 0.03149704 0.51488391 0.              0.07282152 0.0040687  0.00108135 0.        
v_41_=_1340.0531/cm  1.01443388 0.03149704 0.51488391 0.              0.30877265 0.03414152 0.03761797 0.        
v_42_=_1359.2679/cm  1.01443388 0.03149704 0.51488391 0.              0.03346488 0.00343938 0.00356487 0.        
v_43_=_1368.3743/cm  1.01443388 0.03149704 0.51488391 0.              0.08448588 0.00504376 0.00188901 0.        
v_44_=_1382.1569/cm  1.01443388 0.03149704 0.51488391 0.              0.35474006 0.02812649 0.02152473 0.        
v_45_=_1460.9495/cm  1.01443388 0.03149704 0.51488391 0.              0.05125179 0.00390453 0.00280942 0.        
v_46_=_1494.5467/cm  1.01443388 0.03149704 0.51488391 0.              0.03518841 0.00180729 0.00021207 0.        
v_47_=_1505.4504/cm  1.01443388 0.03149704 0.51488391 0.              0.17961175 0.01064406 0.00386338 0.        
v_48_=_1539.3000/cm  1.01443388 0.03149704 0.51488391 0.              0.01081901 0.00068847 0.00032478 0.        
v_49_=_1634.6360/cm  1.01443388 0.03149704 0.51488391 0.              2.04282036e-01 9.85955541e-03 5.88963486e-06 0.00000000e+00
v_50_=_1656.0523/cm  1.01443388 0.03149704 0.51488391 0.              1.03811812 0.06689218 0.03276254 0.        
v_51_=_1680.7437/cm  1.01443388 0.03149704 0.51488391 0.              0.05695646 0.00301439 0.00050281 0.        
v_52_=_1815.5212/cm  1.01443388 0.03149704 0.51488391 0.              0.13133875 0.01609481 0.01910104 0.        
v_53_=_3040.0581/cm  1.01443388 0.03149704 0.51488391 0.              2.46917839 0.38805774 0.52630773 0.        
v_54_=_3083.8355/cm  1.01443388 0.03149704 0.51488391 0.              1.61245639 0.11613112 0.07578445 0.        
v_55_=_3103.7065/cm  1.01443388 0.03149704 0.51488391 0.              0.37988401 0.05558039 0.07289369 0.        
v_56_=_3166.6573/cm  1.01443388 0.03149704 0.51488391 0.              1.13095723 0.08804536 0.06539377 0.        
v_57_=_3176.1083/cm  1.01443388 0.03149704 0.51488391 0.               1.23736700e+00  5.95480351e-02 -3.92976059e-04  0.00000000e+00
v_58_=_3185.6408/cm  1.01443388 0.03149704 0.51488391 0.              2.59980528 0.18727503 0.12075329 0.        
v_59_=_3194.1441/cm  1.01443388 0.03149704 0.51488391 0.               8.26803207e-01  3.97787575e-02 -2.57197163e-04  0.00000000e+00
v_60_=_3205.5084/cm  1.01443388 0.03149704 0.51488391 0.              6.66615542 0.99598954 1.31862631 0.        
v_61_=_3480.0034/cm  1.01443388 0.03149704 0.51488391 0.              2.4498164  0.38738139 0.52664069 0.        
v_62_=_3571.6208/cm  1.01443388 0.03149704 0.51488391 0.              1.09157191 0.05864078 0.01193912 0.        
v_63_=_3666.4515/cm  1.01443388 0.03149704 0.51488391 0.              2.63856948 0.3185985  0.37482408 0.        

# State.Header   Initial.State.S0  Initial.State.S1  Initial.State.S2  Initial.State.S3     Final.State.S0  Final.State.S1  Final.State.S2  Final.State.S3
v_1_=_33.9110/cm  0.97799173 0.61078711 0.56666809 0.              0.0580015  0.00555675 0.00033038 0.        
v_2_=_42.9975/cm  0.97799173 0.61078711 0.56666809 0.              0.07209727 0.00709718 0.00053895 0.        
v_3_=_54.9092/cm  0.97799173 0.61078711 0.56666809 0.              0.02705384 0.00286549 0.00034715 0.        
v_4_=_91.9286/cm  0.97799173 0.61078711 0.56666809 0.              0.04743517 0.00583384 0.00117535 0.        
v_5_=_179.9603/cm  0.97799173 0.61078711 0.56666809 0.              0.04614118 0.00506917 0.00072279 0.        
v_6_=_245.1754/cm  0.97799173 0.61078711 0.56666809 0.              0.00686596 0.00099845 0.00028176 0.        
v_7_=_289.3892/cm  0.97799173 0.61078711 0.56666809 0.              0.03845742 0.00879377 0.00385097 0.        
v_8_=_298.6721/cm  0.97799173 0.61078711 0.56666809 0.              0.04030794 0.01099115 0.0053038  0.        
v_9_=_317.1495/cm  0.97799173 0.61078711 0.56666809 0.              0.03128645 0.01118422 0.00600615 0.        
v_10_=_358.5207/cm  0.97799173 0.61078711 0.56666809 0.              9.86157717e-04 1.91312423e-04 7.45063176e-05 0.00000000e+00
v_11_=_416.0615/cm  0.97799173 0.61078711 0.56666809 0.              4.01285764e-04 1.12761153e-04 5.51293724e-05 0.00000000e+00
v_12_=_458.2468/cm  0.97799173 0.61078711 0.56666809 0.              0.08129686 0.03074855 0.01680577 0.        
v_13_=_519.3121/cm  0.97799173 0.61078711 0.56666809 0.              0.01637655 0.00253828 0.0007822  0.        
v_14_=_597.9584/cm  0.97799173 0.61078711 0.56666809 0.              0.02919239 0.00526797 0.0019259  0.        
v_15_=_627.0428/cm  0.97799173 0.61078711 0.56666809 0.              0.03300237 0.00714778 0.00302578 0.        
v_16_=_634.8215/cm  0.97799173 0.61078711 0.56666809 0.              0.0788751  0.00756716 0.00044706 0.        
v_17_=_644.0624/cm  0.97799173 0.61078711 0.56666809 0.              0.0401983  0.01137006 0.00558372 0.        
v_18_=_711.3407/cm  0.97799173 0.61078711 0.56666809 0.              0.00184593 0.00063551 0.0003372  0.        
v_19_=_755.2786/cm  0.97799173 0.61078711 0.56666809 0.              0.1558595  0.0761041  0.04444203 0.        
v_20_=_771.8421/cm  0.97799173 0.61078711 0.56666809 0.              0.03342882 0.01570517 0.00909098 0.        
v_21_=_804.1376/cm  0.97799173 0.61078711 0.56666809 0.              0.08235534 0.03128205 0.01713006 0.        
v_22_=_834.6371/cm  0.97799173 0.61078711 0.56666809 0.              0.13696088 0.05895354 0.03341924 0.        
v_23_=_859.3486/cm  0.97799173 0.61078711 0.56666809 0.              0.01341693 0.00143064 0.00017924 0.        
v_24_=_864.7519/cm  0.97799173 0.61078711 0.56666809 0.              0.04658135 0.02042734 0.01163507 0.        
v_25_=_926.4249/cm  0.97799173 0.61078711 0.56666809 0.              0.06750979 0.00877778 0.00202131 0.        
v_26_=_971.2632/cm  0.97799173 0.61078711 0.56666809 0.              0.03399371 0.01140969 0.00599803 0.        
v_27_=_979.7681/cm  0.97799173 0.61078711 0.56666809 0.              0.00072414 0.00021443 0.00010741 0.        
v_28_=_1001.1721/cm  0.97799173 0.61078711 0.56666809 0.              0.00238517 0.00054342 0.00023759 0.        
v_29_=_1016.2137/cm  0.97799173 0.61078711 0.56666809 0.              0.77075209 0.36776166 0.21364241 0.        
v_30_=_1033.0237/cm  0.97799173 0.61078711 0.56666809 0.              0.51708774 0.13952006 0.06696953 0.        
v_31_=_1054.6929/cm  0.97799173 0.61078711 0.56666809 0.              0.39707187 0.19338595 0.11286221 0.        
v_32_=_1106.2333/cm  0.97799173 0.61078711 0.56666809 0.              0.07593696 0.02136784 0.01046279 0.        
v_33_=_1110.4639/cm  0.97799173 0.61078711 0.56666809 0.              0.03071223 0.00294654 0.00017635 0.        
v_34_=_1159.3392/cm  0.97799173 0.61078711 0.56666809 0.              0.03517495 0.00889352 0.00413356 0.        
v_35_=_1177.8881/cm  0.97799173 0.61078711 0.56666809 0.              0.06823588 0.01280481 0.00485189 0.        
v_36_=_1190.6930/cm  0.97799173 0.61078711 0.56666809 0.              0.08763451 0.00849596 0.00055979 0.        
v_37_=_1212.5763/cm  0.97799173 0.61078711 0.56666809 0.              0.06725683 0.00721523 0.0009287  0.        
v_38_=_1228.4588/cm  0.97799173 0.61078711 0.56666809 0.              0.51506583 0.23291637 0.13361134 0.        
v_39_=_1238.9638/cm  0.97799173 0.61078711 0.56666809 0.              0.38153786 0.12729015 0.06674538 0.        
v_40_=_1318.5650/cm  0.97799173 0.61078711 0.56666809 0.              0.07020617 0.00843303 0.00160515 0.        
v_41_=_1340.0531/cm  0.97799173 0.61078711 0.56666809 0.              0.29771366 0.08643381 0.04290648 0.        
v_42_=_1359.2679/cm  0.97799173 0.61078711 0.56666809 0.              0.0322667  0.00858778 0.00409036 0.        
v_43_=_1368.3743/cm  0.97799173 0.61078711 0.56666809 0.              0.08145787 0.01076288 0.00254716 0.        
v_44_=_1382.1569/cm  0.97799173 0.61078711 0.56666809 0.              0.34202248 0.066074   0.02556577 0.        
v_45_=_1460.9495/cm  0.97799173 0.61078711 0.56666809 0.              0.04940884 0.0090695  0.00336549 0.        
v_46_=_1494.5467/cm  0.97799173 0.61078711 0.56666809 0.              0.03392526 0.00358993 0.00043579 0.        
v_47_=_1505.4504/cm  0.97799173 0.61078711 0.56666809 0.              0.17316232 0.02263976 0.00526216 0.        
v_48_=_1539.3000/cm  0.97799173 0.61078711 0.56666809 0.              0.0104308  0.0015045  0.00041771 0.        
v_49_=_1634.6360/cm  0.97799173 0.61078711 0.56666809 0.              0.19696547 0.01896697 0.00116186 0.        
v_50_=_1656.0523/cm  0.97799173 0.61078711 0.56666809 0.              1.00087131 0.14679471 0.0418451  0.        
v_51_=_1680.7437/cm  0.97799173 0.61078711 0.56666809 0.              0.05491308 0.00607215 0.00088721 0.        
v_52_=_1815.5212/cm  0.97799173 0.61078711 0.56666809 0.              0.12662726 0.04151402 0.02163481 0.        
v_53_=_3040.0581/cm  0.97799173 0.61078711 0.56666809 0.              2.38058273 1.03721359 0.58963652 0.        
v_54_=_3083.8355/cm  0.97799173 0.61078711 0.56666809 0.              1.5543094  0.26566988 0.09196537 0.        
v_55_=_3103.7065/cm  0.97799173 0.61078711 0.56666809 0.              0.36625513 0.14713625 0.08188965 0.        
v_56_=_3166.6573/cm  0.97799173 0.61078711 0.56666809 0.              1.09050286 0.20524215 0.07792881 0.        
v_57_=_3176.1083/cm  0.97799173 0.61078711 0.56666809 0.              1.19301431 0.11432762 0.00666421 0.        
v_58_=_3185.6408/cm  0.97799173 0.61078711 0.56666809 0.              2.50661528 0.42666153 0.14700587 0.        
v_59_=_3194.1441/cm  0.97799173 0.61078711 0.56666809 0.              0.79718591 0.07637746 0.00442008 0.        
v_60_=_3205.5084/cm  0.97799173 0.61078711 0.56666809 0.              6.42756203 2.64350149 1.48008457 0.        
v_61_=_3480.0034/cm  0.97799173 0.61078711 0.56666809 0.              2.36196197 1.03602089 0.58994249 0.        
v_62_=_3571.6208/cm  0.97799173 0.61078711 0.56666809 0.              1.05239374 0.11942176 0.01917392 0.        
v_63_=_3666.4515/cm  0.97799173 0.61078711 0.56666809 0.              2.54373702 0.82004932 0.42487875 0.        

# State.Header   Initial.State.S0  Initial.State.S1  Initial.State.S2  Initial.State.S3     Final.State.S0  Final.State.S1  Final.State.S2  Final.State.S3
v_1_=_33.9110/cm  0.96458181 0.88756231 0.37357784 0.               0.05727812  0.00632163 -0.0006432   0.        
v_2_=_42.9975/cm  0.96458181 0.88756231 0.37357784 0.               0.07119818  0.00809012 -0.0007166   0.        
v_3_=_54.9092/cm  0.96458181 0.88756231 0.37357784 0.               0.02672063  0.00327679 -0.00017533  0.        
v_4_=_91.9286/cm  0.96458181 0.88756231 0.37357784 0.              4.68690752e-02 6.71171434e-03 6.18385720e-05 0.00000000e+00
v_5_=_179.9603/cm  0.96458181 0.88756231 0.37357784 0.               0.04557648  0.00580389 -0.00021079  0.        
v_6_=_245.1754/cm  0.96458181 0.88756231 0.37357784 0.              6.78641216e-03 1.15433679e-03 8.31310564e-05 0.00000000e+00
v_7_=_289.3892/cm  0.96458181 0.88756231 0.37357784 0.              0.03806987 0.01028889 0.00194248 0.        
v_8_=_298.6721/cm  0.96458181 0.88756231 0.37357784 0.              0.03993394 0.01289851 0.00286369 0.        
v_9_=_317.1495/cm  0.96458181 0.88756231 0.37357784 0.              0.03104311 0.01317681 0.0034561  0.        
v_10_=_358.5207/cm  0.96458181 0.88756231 0.37357784 0.              9.75624596e-04 2.22953657e-04 3.41233979e-05 0.00000000e+00
v_11_=_416.0615/cm  0.96458181 0.88756231 0.37357784 0.              3.97620917e-04 1.32419539e-04 3.00106222e-05 0.00000000e+00
v_12_=_458.2468/cm  0.96458181 0.88756231 0.37357784 0.              0.08069428 0.03625338 0.0097615  0.        
v_13_=_519.3121/cm  0.96458181 0.88756231 0.37357784 0.              0.0161906  0.00294068 0.00026861 0.        
v_14_=_597.9584/cm  0.96458181 0.88756231 0.37357784 0.              0.02887201 0.00612846 0.00082894 0.        
v_15_=_627.0428/cm  0.96458181 0.88756231 0.37357784 0.              0.03266192 0.00835165 0.00148787 0.        
v_16_=_634.8215/cm  0.96458181 0.88756231 0.37357784 0.               0.07789599  0.00861208 -0.00088369  0.        
v_17_=_644.0624/cm  0.96458181 0.88756231 0.37357784 0.              0.03982924 0.0133534  0.00304665 0.        
v_18_=_711.3407/cm  0.96458181 0.88756231 0.37357784 0.              0.00183098 0.0007484  0.00019281 0.        
v_19_=_755.2786/cm  0.96458181 0.88756231 0.37357784 0.              0.15500464 0.08996969 0.02669279 0.        
v_20_=_771.8421/cm  0.96458181 0.88756231 0.37357784 0.              0.03323478 0.01856017 0.00543684 0.        
v_21_=_804.1376/cm  0.96458181 0.88756231 0.37357784 0.              0.08173996 0.03688686 0.0099572  0.        
v_22_=_834.6371/cm  0.96458181 0.88756231 0.37357784 0.              0.13606595 0.06960594 0.01978529 0.        
v_23_=_859.3486/cm  0.96458181 0.88756231 0.37357784 0.               1.32519961e-02  1.63580075e-03 -8.12618905e-05  0.00000000e+00
v_24_=_864.7519/cm  0.96458181 0.88756231 0.37357784 0.              0.04628185 0.02412516 0.00690269 0.        
v_25_=_926.4249/cm  0.96458181 0.88756231 0.37357784 0.              0.06671015 0.01011607 0.00031872 0.        
v_26_=_971.2632/cm  0.96458181 0.88756231 0.37357784 0.              0.03371558 0.01343135 0.00341132 0.        
v_27_=_979.7681/cm  0.96458181 0.88756231 0.37357784 0.              7.17658873e-04 2.52032669e-04 5.93214177e-05 0.00000000e+00
v_28_=_1001.1721/cm  0.96458181 0.88756231 0.37357784 0.              0.00236109 0.00063569 0.00011974 0.        
v_29_=_1016.2137/cm  0.96458181 0.88756231 0.37357784 0.              0.76638593 0.43466422 0.12800378 0.        
v_30_=_1033.0237/cm  0.96458181 0.88756231 0.37357784 0.              0.51225563 0.16371344 0.03604346 0.        
v_31_=_1054.6929/cm  0.96458181 0.88756231 0.37357784 0.              0.39488999 0.2286097  0.06777275 0.        
v_32_=_1106.2333/cm  0.96458181 0.88756231 0.37357784 0.              0.07524261 0.0250894  0.00570412 0.        
v_33_=_1110.4639/cm  0.96458181 0.88756231 0.37357784 0.               0.03033095  0.00335109 -0.00033866  0.        
v_34_=_1159.3392/cm  0.96458181 0.88756231 0.37357784 0.              0.03483508 0.01042283 0.00217755 0.        
v_35_=_1177.8881/cm  0.96458181 0.88756231 0.37357784 0.              0.0674987  0.01491324 0.00215404 0.        
v_36_=_1190.6930/cm  0.96458181 0.88756231 0.37357784 0.               0.08654822  0.0096739  -0.00094048  0.        
v_37_=_1212.5763/cm  0.96458181 0.88756231 0.37357784 0.               0.06643228  0.00824987 -0.0003844   0.        
v_38_=_1228.4588/cm  0.96458181 0.88756231 0.37357784 0.              0.51192292 0.27514667 0.07956295 0.        
v_39_=_1238.9638/cm  0.96458181 0.88756231 0.37357784 0.              0.37840258 0.14984494 0.03790383 0.        
v_40_=_1318.5650/cm  0.96458181 0.88756231 0.37357784 0.              6.93626501e-02 9.69030248e-03 8.37307765e-06 0.00000000e+00
v_41_=_1340.0531/cm  0.96458181 0.88756231 0.37357784 0.              0.29504161 0.10154033 0.02358904 0.        
v_42_=_1359.2679/cm  0.96458181 0.88756231 0.37357784 0.              0.03196411 0.01007555 0.00219048 0.        
v_43_=_1368.3743/cm  0.96458181 0.88756231 0.37357784 0.              0.08049932 0.01241516 0.00044943 0.        
v_44_=_1382.1569/cm  0.96458181 0.88756231 0.37357784 0.              0.33836882 0.07704169 0.01159474 0.        
v_45_=_1460.9495/cm  0.96458181 0.88756231 0.37357784 0.              0.04886832 0.010561   0.00146339 0.        
v_46_=_1494.5467/cm  0.96458181 0.88756231 0.37357784 0.               0.03350837  0.00410207 -0.00021673  0.        
v_47_=_1505.4504/cm  0.96458181 0.88756231 0.37357784 0.              0.17111359 0.02610017 0.00086851 0.        
v_48_=_1539.3000/cm  0.96458181 0.88756231 0.37357784 0.              0.01030985 0.00173986 0.00011833 0.        
v_49_=_1634.6360/cm  0.96458181 0.88756231 0.37357784 0.               0.19452289  0.02159111 -0.00217851  0.        
v_50_=_1656.0523/cm  0.96458181 0.88756231 0.37357784 0.              0.98932233 0.16982608 0.01250581 0.        
v_51_=_1680.7437/cm  0.96458181 0.88756231 0.37357784 0.               0.05424351  0.00695013 -0.00022627  0.        
v_52_=_1815.5212/cm  0.96458181 0.88756231 0.37357784 0.              0.12557467 0.0488595  0.01223408 0.        
v_53_=_3040.0581/cm  0.96458181 0.88756231 0.37357784 0.              2.36527777 1.22486301 0.34948887 0.        
v_54_=_3083.8355/cm  0.96458181 0.88756231 0.37357784 0.              1.53696224 0.30885212 0.03674971 0.        
v_55_=_3103.7065/cm  0.96458181 0.88756231 0.37357784 0.              0.36366477 0.1735957  0.04803478 0.        
v_56_=_3166.6573/cm  0.96458181 0.88756231 0.37357784 0.              1.07871696 0.23907298 0.03469918 0.        
v_57_=_3176.1083/cm  0.96458181 0.88756231 0.37357784 0.               1.17816892  0.13009891 -0.01333324  0.        
v_58_=_3185.6408/cm  0.96458181 0.88756231 0.37357784 0.              2.47872094 0.49569725 0.05885174 0.        
v_59_=_3194.1441/cm  0.96458181 0.88756231 0.37357784 0.               0.78727846  0.08692354 -0.00896692  0.        
v_60_=_3205.5084/cm  0.96458181 0.88756231 0.37357784 0.              6.38369986 3.11965655 0.87066461 0.        
v_61_=_3480.0034/cm  0.96458181 0.88756231 0.37357784 0.              2.34694294 1.22349765 0.34998397 0.        
v_62_=_3571.6208/cm  0.96458181 0.88756231 0.37357784 0.               1.03960628  0.13696003 -0.00320169  0.        
v_63_=_3666.4515/cm  0.96458181 0.88756231 0.37357784 0.              2.52216554 0.96497862 0.23951057 0.        

# State.Header   Initial.State.S0  Initial.State.S1  Initial.State.S2  Initial.State.S3     Final.State.S0  Final.State.S1  Final.State.S2  Final.State.S3
v_1_=_33.9110/cm  1.01178949 0.87502737 0.0845277  0.               0.06018357  0.00565365 -0.00226685  0.        
v_2_=_42.9975/cm  1.01178949 0.87502737 0.0845277  0.               0.07480884  0.0072303  -0.00279772  0.        
v_3_=_54.9092/cm  1.01178949 0.87502737 0.0845277  0.               0.02807962  0.00291826 -0.0010309   0.        
v_4_=_91.9286/cm  1.01178949 0.87502737 0.0845277  0.               0.0492765   0.00593659 -0.00173374  0.        
v_5_=_179.9603/cm  1.01178949 0.87502737 0.0845277  0.               0.04790182  0.0051569  -0.00173749  0.        
v_6_=_245.1754/cm  1.01178949 0.87502737 0.0845277  0.               0.00713782  0.00101415 -0.00023284  0.        
v_7_=_289.3892/cm  1.01178949 0.87502737 0.0845277  0.               0.04012149  0.00892681 -0.00100396  0.        
v_8_=_298.6721/cm  1.01178949 0.87502737 0.0845277  0.               0.04212923  0.01114936 -0.00087735  0.        
v_9_=_317.1495/cm  1.01178949 0.87502737 0.0845277  0.               0.03281359  0.01134001 -0.00042068  0.        
v_10_=_358.5207/cm  1.01178949 0.87502737 0.0845277  0.               1.02736970e-03  1.94151055e-04 -2.88594488e-05  0.00000000e+00
v_11_=_416.0615/cm  1.01178949 0.87502737 0.0845277  0.               4.19561421e-04  1.14416283e-04 -8.44462029e-06  0.00000000e+00
v_12_=_458.2468/cm  1.01178949 0.87502737 0.0845277  0.               0.08533762  0.03117646 -0.00093104  0.        
v_13_=_519.3121/cm  1.01178949 0.87502737 0.0845277  0.               0.01703533  0.00257717 -0.00054447  0.        
v_14_=_597.9584/cm  1.01178949 0.87502737 0.0845277  0.               0.03039182  0.00534768 -0.00088922  0.        
v_15_=_627.0428/cm  1.01178949 0.87502737 0.0845277  0.               0.03441596  0.00725105 -0.00089723  0.        
v_16_=_634.8215/cm  1.01178949 0.87502737 0.0845277  0.               0.08184149  0.00770906 -0.00309174  0.        
v_17_=_644.0624/cm  1.01178949 0.87502737 0.0845277  0.               0.04203126  0.01153334 -0.00083788  0.        
v_18_=_711.3407/cm  1.01178949 0.87502737 0.0845277  0.               1.93469403e-03  6.44439119e-04 -2.69198540e-05  0.00000000e+00
v_19_=_755.2786/cm  1.01178949 0.87502737 0.0845277  0.               1.64337803e-01  7.71366091e-02 -1.01461355e-04  0.00000000e+00
v_20_=_771.8421/cm  1.01178949 0.87502737 0.0845277  0.               3.52217060e-02  1.59192267e-02 -8.35869109e-05  0.00000000e+00
v_21_=_804.1376/cm  1.01178949 0.87502737 0.0845277  0.               0.08644667  0.03171777 -0.00092801  0.        
v_22_=_834.6371/cm  1.01178949 0.87502737 0.0845277  0.               0.14406107  0.05976085 -0.00084927  0.        
v_23_=_859.3486/cm  1.01178949 0.87502737 0.0845277  0.               0.01392662  0.00145572 -0.00050885  0.        
v_24_=_864.7519/cm  1.01178949 0.87502737 0.0845277  0.               0.04901319  0.02070746 -0.00025652  0.        
v_25_=_926.4249/cm  1.01178949 0.87502737 0.0845277  0.               0.07014415  0.00892667 -0.00241133  0.        
v_26_=_971.2632/cm  1.01178949 0.87502737 0.0845277  0.               0.03561859  0.01157051 -0.00052731  0.        
v_27_=_979.7681/cm  1.01178949 0.87502737 0.0845277  0.               7.57528737e-04  2.17540434e-04 -1.41567588e-05  0.00000000e+00
v_28_=_1001.1721/cm  1.01178949 0.87502737 0.0845277  0.               2.48828624e-03  5.51513590e-04 -6.23037244e-05  0.00000000e+00
v_29_=_1016.2137/cm  1.01178949 0.87502737 0.0845277  0.               0.81230554  0.37276655 -0.00132681  0.        
v_30_=_1033.0237/cm  1.01178949 0.87502737 0.0845277  0.               0.54037188  0.14154859 -0.01138842  0.        
v_31_=_1054.6929/cm  1.01178949 0.87502737 0.0845277  0.               4.18642747e-01  1.96012964e-01 -2.94142766e-04  0.00000000e+00
v_32_=_1106.2333/cm  1.01178949 0.87502737 0.0845277  0.               0.0793936   0.02167504 -0.00158419  0.        
v_33_=_1110.4639/cm  1.01178949 0.87502737 0.0845277  0.               0.03186757  0.00299789 -0.00119744  0.        
v_34_=_1159.3392/cm  1.01178949 0.87502737 0.0845277  0.               0.03673161  0.00902262 -0.00083013  0.        
v_35_=_1177.8881/cm  1.01178949 0.87502737 0.0845277  0.               0.07106604  0.01300091 -0.00205135  0.        
v_36_=_1190.6930/cm  1.01178949 0.87502737 0.0845277  0.               0.09093365  0.00865483 -0.00342584  0.        
v_37_=_1212.5763/cm  1.01178949 0.87502737 0.0845277  0.               0.06981366  0.00733959 -0.00254067  0.        
v_38_=_1228.4588/cm  1.01178949 0.87502737 0.0845277  0.               0.54228475  0.23610586 -0.00214596  0.        
v_39_=_1238.9638/cm  1.01178949 0.87502737 0.0845277  0.               0.39975286  0.12909965 -0.00601864  0.        
v_40_=_1318.5650/cm  1.01178949 0.87502737 0.0845277  0.               0.07291969  0.00857709 -0.00257624  0.        
v_41_=_1340.0531/cm  1.01178949 0.87502737 0.0845277  0.               0.31138351  0.08767613 -0.00596113  0.        
v_42_=_1359.2679/cm  1.01178949 0.87502737 0.0845277  0.               0.03371659  0.00871434 -0.00072495  0.        
v_43_=_1368.3743/cm  1.01178949 0.87502737 0.0845277  0.               0.08465015  0.01095152 -0.00290627  0.        
v_44_=_1382.1569/cm  1.01178949 0.87502737 0.0845277  0.               0.35632539  0.0671224  -0.0101562   0.        
v_45_=_1460.9495/cm  1.01178949 0.87502737 0.0845277  0.               0.05144859  0.00921214 -0.00150689  0.        
v_46_=_1494.5467/cm  1.01178949 0.87502737 0.0845277  0.               0.03521359  0.0036512  -0.00128892  0.        
v_47_=_1505.4504/cm  1.01178949 0.87502737 0.0845277  0.               0.17993103  0.02302546 -0.00617789  0.        
v_48_=_1539.3000/cm  1.01178949 0.87502737 0.0845277  0.               0.01084426  0.00152922 -0.00035767  0.        
v_49_=_1634.6360/cm  1.01178949 0.87502737 0.0845277  0.               0.20437909  0.01932365 -0.00771802  0.        
v_50_=_1656.0523/cm  1.01178949 0.87502737 0.0845277  0.               1.04067837  0.14915923 -0.03408777  0.        
v_51_=_1680.7437/cm  1.01178949 0.87502737 0.0845277  0.               0.05701016  0.00617266 -0.00205209  0.        
v_52_=_1815.5212/cm  1.01178949 0.87502737 0.0845277  0.               0.13264998  0.04210319 -0.00208658  0.        
v_53_=_3040.0581/cm  1.01178949 0.87502737 0.0845277  0.               2.50465682  1.05148483 -0.0138245   0.        
v_54_=_3083.8355/cm  1.01178949 0.87502737 0.0845277  0.               1.61777376  0.26992205 -0.04973273  0.        
v_55_=_3103.7065/cm  1.01178949 0.87502737 0.0845277  0.               0.38477344  0.14916784 -0.00328338  0.        
v_56_=_3166.6573/cm  1.01178949 0.87502737 0.0845277  0.               1.13570637  0.20842656 -0.03267354  0.        
v_57_=_3176.1083/cm  1.01178949 0.87502737 0.0845277  0.               1.23782272  0.11645267 -0.04660913  0.        
v_58_=_3185.6408/cm  1.01178949 0.87502737 0.0845277  0.               2.60872802  0.4333016  -0.07952422  0.        
v_59_=_3194.1441/cm  1.01178949 0.87502737 0.0845277  0.               0.82714282  0.07781911 -0.03120977  0.        
v_60_=_3205.5084/cm  1.01178949 0.87502737 0.0845277  0.               6.75597246  2.67995927 -0.05251731  0.        
v_61_=_3480.0034/cm  1.01178949 0.87502737 0.0845277  0.               2.48543141  1.05020952 -0.01302933  0.        
v_62_=_3571.6208/cm  1.01178949 0.87502737 0.0845277  0.               1.09270448  0.12157627 -0.03947512  0.        
v_63_=_3666.4515/cm  1.01178949 0.87502737 0.0845277  0.               2.66383069  0.83177188 -0.04300904  0.        

