-1.03034E+02	 5.16125E+03
-9.77694E+01	 5.20180E+03
-9.25079E+01	 5.24740E+03
-8.72494E+01	 5.29175E+03
-8.19938E+01	 5.33105E+03
-7.67412E+01	 5.37745E+03
-7.14916E+01	 5.41370E+03
-6.62450E+01	 5.45645E+03
-6.10013E+01	 5.50010E+03
-5.57605E+01	 5.53975E+03
-5.05228E+01	 5.58330E+03
-4.52879E+01	 5.63725E+03
-4.00561E+01	 5.67845E+03
-3.48271E+01	 5.71135E+03
-2.96012E+01	 5.76585E+03
-2.43781E+01	 5.79630E+03
-1.91580E+01	 5.83890E+03
-1.39409E+01	 5.87905E+03
-8.72666E+00	 5.93175E+03
-3.51538E+00	 5.97450E+03
 1.69298E+00	 6.01595E+03
 6.89840E+00	 6.06970E+03
 1.21009E+01	 6.10775E+03
 1.73005E+01	 6.15735E+03
 2.24971E+01	 6.20615E+03
 2.76908E+01	 6.25050E+03
 3.28816E+01	 6.30215E+03
 3.80695E+01	 6.34950E+03
 4.32545E+01	 6.40165E+03
 4.84366E+01	 6.43495E+03
 5.36157E+01	 6.49515E+03
 5.87920E+01	 6.53520E+03
 6.39653E+01	 6.58085E+03
 6.91358E+01	 6.62470E+03
 7.43033E+01	 6.67260E+03
 7.94680E+01	 6.73245E+03
 8.46297E+01	 6.77420E+03
 8.97886E+01	 6.81250E+03
 9.49446E+01	 6.86595E+03
 1.00098E+02	 6.90570E+03
 1.05248E+02	 6.96625E+03
 1.10395E+02	 7.00015E+03
 1.15540E+02	 7.04340E+03
 1.20681E+02	 7.09605E+03
 1.25820E+02	 7.15085E+03
 1.30956E+02	 7.19845E+03
 1.36089E+02	 7.24905E+03
 1.41219E+02	 7.29975E+03
 1.46346E+02	 7.34455E+03
 1.51470E+02	 7.39700E+03
 1.56592E+02	 7.44865E+03
 1.61710E+02	 7.50820E+03
 1.66826E+02	 7.54080E+03
 1.71939E+02	 7.59500E+03
 1.77049E+02	 7.64940E+03
 1.82156E+02	 7.70565E+03
 1.87260E+02	 7.75555E+03
 1.92362E+02	 7.80650E+03
 1.97461E+02	 7.87220E+03
 2.02556E+02	 7.91290E+03
 2.07649E+02	 7.97470E+03
 2.12739E+02	 8.02485E+03
 2.17827E+02	 8.08470E+03
 2.22911E+02	 8.13870E+03
 2.27993E+02	 8.18545E+03
 2.33072E+02	 8.23635E+03
 2.38148E+02	 8.27775E+03
 2.43221E+02	 8.34495E+03
 2.48291E+02	 8.38300E+03
 2.53359E+02	 8.44625E+03
 2.58423E+02	 8.49065E+03
 2.63485E+02	 8.54845E+03
 2.68544E+02	 8.59995E+03
 2.73600E+02	 8.65570E+03
 2.78654E+02	 8.71605E+03
 2.83704E+02	 8.77130E+03
 2.88752E+02	 8.80850E+03
 2.93797E+02	 8.86490E+03
 2.98840E+02	 8.93555E+03
 3.03879E+02	 8.98735E+03
 3.08916E+02	 9.03060E+03
 3.13949E+02	 9.10095E+03
 3.18980E+02	 9.16345E+03
 3.24009E+02	 9.21235E+03
 3.29034E+02	 9.27395E+03
 3.34057E+02	 9.32650E+03
 3.39077E+02	 9.38120E+03
 3.44094E+02	 9.43435E+03
 3.49108E+02	 9.50330E+03
 3.54120E+02	 9.55085E+03
 3.59129E+02	 9.61065E+03
 3.64135E+02	 9.67330E+03
 3.69138E+02	 9.73135E+03
 3.74138E+02	 9.77770E+03
 3.79136E+02	 9.83875E+03
 3.84131E+02	 9.90345E+03
 3.89123E+02	 9.95980E+03
 3.94113E+02	 1.00142E+04
 3.99099E+02	 1.00629E+04
 4.04083E+02	 1.01401E+04
 4.09064E+02	 1.01920E+04
 4.14043E+02	 1.02353E+04
 4.19019E+02	 1.03017E+04
 4.23991E+02	 1.03733E+04
 4.28962E+02	 1.04218E+04
 4.33929E+02	 1.04835E+04
 4.38894E+02	 1.05437E+04
 4.43856E+02	 1.06027E+04
 4.48815E+02	 1.06792E+04
 4.53771E+02	 1.07298E+04
 4.58725E+02	 1.07878E+04
 4.63676E+02	 1.08447E+04
 4.68625E+02	 1.09107E+04
 4.73570E+02	 1.09635E+04
 4.78513E+02	 1.10300E+04
 4.83453E+02	 1.10942E+04
 4.88391E+02	 1.11512E+04
 4.93325E+02	 1.12148E+04
 4.98257E+02	 1.12805E+04
 5.03187E+02	 1.13370E+04
 5.08113E+02	 1.13997E+04
 5.13037E+02	 1.14696E+04
 5.17958E+02	 1.15295E+04
 5.22877E+02	 1.15943E+04
 5.27792E+02	 1.16410E+04
 5.32706E+02	 1.17140E+04
 5.37616E+02	 1.17703E+04
 5.42524E+02	 1.18255E+04
 5.47429E+02	 1.19082E+04
 5.52331E+02	 1.19717E+04
 5.57230E+02	 1.20454E+04
 5.62127E+02	 1.21075E+04
 5.67022E+02	 1.21715E+04
 5.71913E+02	 1.22313E+04
 5.76802E+02	 1.23011E+04
 5.81688E+02	 1.23670E+04
 5.86572E+02	 1.24267E+04
 5.91452E+02	 1.24958E+04
 5.96331E+02	 1.25499E+04
 6.01206E+02	 1.26219E+04
 6.06079E+02	 1.26808E+04
 6.10949E+02	 1.27358E+04
 6.15817E+02	 1.28246E+04
 6.20681E+02	 1.28667E+04
 6.25544E+02	 1.29308E+04
 6.30403E+02	 1.30043E+04
 6.35260E+02	 1.30809E+04
 6.40114E+02	 1.31398E+04
 6.44966E+02	 1.32134E+04
 6.49815E+02	 1.32687E+04
 6.54661E+02	 1.33460E+04
 6.59505E+02	 1.34120E+04
 6.64346E+02	 1.34800E+04
 6.69184E+02	 1.35545E+04
 6.74020E+02	 1.36031E+04
 6.78853E+02	 1.36777E+04
 6.83683E+02	 1.37471E+04
 6.88511E+02	 1.38088E+04
 6.93336E+02	 1.38797E+04
 6.98159E+02	 1.39462E+04
 7.02978E+02	 1.40153E+04
 7.07796E+02	 1.40889E+04
 7.12610E+02	 1.41549E+04
 7.17422E+02	 1.42245E+04
 7.22232E+02	 1.42958E+04
 7.27039E+02	 1.43713E+04
 7.31843E+02	 1.44369E+04
 7.36644E+02	 1.45070E+04
 7.41443E+02	 1.45793E+04
 7.46240E+02	 1.46589E+04
 7.51033E+02	 1.47188E+04
 7.55825E+02	 1.47907E+04
 7.60613E+02	 1.48517E+04
 7.65399E+02	 1.49300E+04
 7.70182E+02	 1.50108E+04
 7.74963E+02	 1.50808E+04
 7.79741E+02	 1.51629E+04
 7.84517E+02	 1.52205E+04
 7.89290E+02	 1.53083E+04
 7.94060E+02	 1.53763E+04
 7.98828E+02	 1.54514E+04
 8.03593E+02	 1.55145E+04
 8.08356E+02	 1.55921E+04
 8.13116E+02	 1.56657E+04
 8.17873E+02	 1.57567E+04
 8.22628E+02	 1.58337E+04
 8.27380E+02	 1.58940E+04
 8.32130E+02	 1.59679E+04
 8.36877E+02	 1.60475E+04
 8.41622E+02	 1.61338E+04
 8.46364E+02	 1.62015E+04
 8.51103E+02	 1.62879E+04
 8.55840E+02	 1.63509E+04
 8.60575E+02	 1.64290E+04
 8.65306E+02	 1.64913E+04
 8.70036E+02	 1.65758E+04
 8.74762E+02	 1.66729E+04
 8.79486E+02	 1.67166E+04
 8.84208E+02	 1.68083E+04
 8.88927E+02	 1.68902E+04
 8.93644E+02	 1.69739E+04
 8.98357E+02	 1.70402E+04
 9.03069E+02	 1.71061E+04
 9.07778E+02	 1.71831E+04
 9.12484E+02	 1.72551E+04
 9.17188E+02	 1.73499E+04
 9.21889E+02	 1.74210E+04
 9.26588E+02	 1.74806E+04
 9.31284E+02	 1.75584E+04
 9.35977E+02	 1.76510E+04
 9.40669E+02	 1.77284E+04
 9.45357E+02	 1.78133E+04
 9.50043E+02	 1.78926E+04
 9.54727E+02	 1.79571E+04
 9.59408E+02	 1.80698E+04
 9.64086E+02	 1.81383E+04
 9.68762E+02	 1.82190E+04
 9.73436E+02	 1.82981E+04
 9.78107E+02	 1.83713E+04
 9.82775E+02	 1.84398E+04
 9.87441E+02	 1.85376E+04
 9.92104E+02	 1.85951E+04
 9.96765E+02	 1.87008E+04
 1.00142E+03	 1.87806E+04
 1.00608E+03	 1.88668E+04
 1.01073E+03	 1.89266E+04
 1.01538E+03	 1.90141E+04
 1.02003E+03	 1.90886E+04
 1.02468E+03	 1.91868E+04
 1.02932E+03	 1.92551E+04
 1.03396E+03	 1.93423E+04
 1.03860E+03	 1.94393E+04
 1.04324E+03	 1.95162E+04
 1.04787E+03	 1.95900E+04
 1.05250E+03	 1.96884E+04
 1.05713E+03	 1.97532E+04
 1.06176E+03	 1.98498E+04
 1.06638E+03	 1.99244E+04
 1.07100E+03	 2.00227E+04
 1.07562E+03	 2.00733E+04
 1.08024E+03	 2.01712E+04
 1.08485E+03	 2.02564E+04
 1.08946E+03	 2.03389E+04
 1.09407E+03	 2.04250E+04
 1.09868E+03	 2.04943E+04
 1.10328E+03	 2.05741E+04
 1.10788E+03	 2.06748E+04
 1.11248E+03	 2.07507E+04
 1.11708E+03	 2.08382E+04
 1.12167E+03	 2.09233E+04
 1.12626E+03	 2.09872E+04
 1.13085E+03	 2.10583E+04
 1.13544E+03	 2.11798E+04
 1.14002E+03	 2.12349E+04
 1.14460E+03	 2.13213E+04
 1.14918E+03	 2.14173E+04
 1.15376E+03	 2.14890E+04
 1.15833E+03	 2.15623E+04
 1.16291E+03	 2.16311E+04
 1.16748E+03	 2.17288E+04
 1.17204E+03	 2.18072E+04
 1.17661E+03	 2.19088E+04
 1.18117E+03	 2.19848E+04
 1.18573E+03	 2.20753E+04
 1.19029E+03	 2.21539E+04
 1.19484E+03	 2.22332E+04
 1.19939E+03	 2.23253E+04
 1.20394E+03	 2.24163E+04
 1.20849E+03	 2.25023E+04
 1.21304E+03	 2.25859E+04
 1.21758E+03	 2.26889E+04
 1.22212E+03	 2.27831E+04
 1.22666E+03	 2.28561E+04
 1.23119E+03	 2.29393E+04
 1.23573E+03	 2.30393E+04
 1.24026E+03	 2.31349E+04
 1.24479E+03	 2.32141E+04
 1.24931E+03	 2.33097E+04
 1.25384E+03	 2.33679E+04
 1.25836E+03	 2.34785E+04
 1.26288E+03	 2.35449E+04
 1.26739E+03	 2.36576E+04
 1.27191E+03	 2.37431E+04
 1.27642E+03	 2.38319E+04
 1.28093E+03	 2.38829E+04
 1.28543E+03	 2.39843E+04
 1.28994E+03	 2.40792E+04
 1.29444E+03	 2.41418E+04
 1.29894E+03	 2.41925E+04
 1.30344E+03	 2.42860E+04
 1.30793E+03	 2.43167E+04
 1.31243E+03	 2.44417E+04
 1.31692E+03	 2.45134E+04
 1.32140E+03	 2.46091E+04
 1.32589E+03	 2.46691E+04
 1.33037E+03	 2.47467E+04
 1.33485E+03	 2.48143E+04
 1.33933E+03	 2.49082E+04
 1.34381E+03	 2.49776E+04
 1.34828E+03	 2.50582E+04
 1.35275E+03	 2.51356E+04
 1.35722E+03	 2.52122E+04
 1.36169E+03	 2.52816E+04
 1.36615E+03	 2.53564E+04
 1.37061E+03	 2.54298E+04
 1.37507E+03	 2.55182E+04
 1.37953E+03	 2.55775E+04
 1.38398E+03	 2.56323E+04
 1.38844E+03	 2.57267E+04
 1.39289E+03	 2.58033E+04
 1.39733E+03	 2.58534E+04
 1.40178E+03	 2.59390E+04
 1.40622E+03	 2.59901E+04
 1.41066E+03	 2.60696E+04
 1.41510E+03	 2.61351E+04
 1.41954E+03	 2.61804E+04
 1.42397E+03	 2.62678E+04
 1.42840E+03	 2.63319E+04
 1.43283E+03	 2.64036E+04
 1.43726E+03	 2.64707E+04
 1.44168E+03	 2.65313E+04
 1.44610E+03	 2.66366E+04
 1.45052E+03	 2.66747E+04
 1.45494E+03	 2.67693E+04
 1.45936E+03	 2.68246E+04
 1.46377E+03	 2.69102E+04
 1.46818E+03	 2.69691E+04
 1.47259E+03	 2.70678E+04
 1.47699E+03	 2.71162E+04
 1.48140E+03	 2.71981E+04
 1.48580E+03	 2.72713E+04
 1.49020E+03	 2.73196E+04
 1.49459E+03	 2.74318E+04
 1.49899E+03	 2.74931E+04
 1.50338E+03	 2.75476E+04
 1.50777E+03	 2.76266E+04
 1.51216E+03	 2.77074E+04
 1.51654E+03	 2.77568E+04
 1.52092E+03	 2.78209E+04
 1.52530E+03	 2.79058E+04
 1.52968E+03	 2.79706E+04
 1.53406E+03	 2.80117E+04
 1.53843E+03	 2.80712E+04
 1.54280E+03	 2.81488E+04
 1.54717E+03	 2.82439E+04
 1.55154E+03	 2.82873E+04
 1.55590E+03	 2.83708E+04
 1.56027E+03	 2.84275E+04
 1.56463E+03	 2.84916E+04
 1.56898E+03	 2.85714E+04
 1.57334E+03	 2.86686E+04
 1.57769E+03	 2.87008E+04
 1.58204E+03	 2.87972E+04
 1.58639E+03	 2.88628E+04
 1.59074E+03	 2.89158E+04
 1.59508E+03	 2.89974E+04
 1.59942E+03	 2.90629E+04
 1.60376E+03	 2.91469E+04
 1.60810E+03	 2.91877E+04
 1.61243E+03	 2.92479E+04
 1.61677E+03	 2.93306E+04
 1.62110E+03	 2.93921E+04
 1.62542E+03	 2.94348E+04
 1.62975E+03	 2.95219E+04
 1.63407E+03	 2.95801E+04
 1.63840E+03	 2.96554E+04
 1.64271E+03	 2.96982E+04
 1.64703E+03	 2.97926E+04
 1.65135E+03	 2.98453E+04
 1.65566E+03	 2.99123E+04
 1.65997E+03	 2.99657E+04
 1.66428E+03	 3.00457E+04
 1.66858E+03	 3.01137E+04
 1.67289E+03	 3.01700E+04
 1.67719E+03	 3.02488E+04
 1.68149E+03	 3.02947E+04
 1.68578E+03	 3.03604E+04
 1.69008E+03	 3.04384E+04
 1.69437E+03	 3.05196E+04
 1.69866E+03	 3.05637E+04
 1.70295E+03	 3.06263E+04
 1.70723E+03	 3.06786E+04
 1.71152E+03	 3.07611E+04
 1.71580E+03	 3.08048E+04
 1.72008E+03	 3.08963E+04
 1.72435E+03	 3.09442E+04
 1.72863E+03	 3.10082E+04
 1.73290E+03	 3.10661E+04
 1.73717E+03	 3.11411E+04
 1.74144E+03	 3.11957E+04
 1.74570E+03	 3.12773E+04
 1.74997E+03	 3.13354E+04
 1.75423E+03	 3.13669E+04
 1.75849E+03	 3.14553E+04
 1.76274E+03	 3.15072E+04
 1.76700E+03	 3.15817E+04
 1.77125E+03	 3.16474E+04
 1.77550E+03	 3.16856E+04
 1.77975E+03	 3.17505E+04
 1.78399E+03	 3.18261E+04
 1.78824E+03	 3.18465E+04
 1.79248E+03	 3.19024E+04
 1.79672E+03	 3.19710E+04
 1.80095E+03	 3.20343E+04
 1.80519E+03	 3.21011E+04
 1.80942E+03	 3.21224E+04
 1.81365E+03	 3.21973E+04
 1.81788E+03	 3.22647E+04
 1.82211E+03	 3.23268E+04
 1.82633E+03	 3.23824E+04
 1.83055E+03	 3.24446E+04
 1.83477E+03	 3.24794E+04
 1.83899E+03	 3.25633E+04
 1.84320E+03	 3.26144E+04
 1.84742E+03	 3.26850E+04
 1.85163E+03	 3.27298E+04
 1.85584E+03	 3.27594E+04
 1.86004E+03	 3.28344E+04
 1.86425E+03	 3.28807E+04
 1.86845E+03	 3.29373E+04
 1.87265E+03	 3.29724E+04
 1.87685E+03	 3.30215E+04
 1.88104E+03	 3.30691E+04
 1.88524E+03	 3.30976E+04
 1.88943E+03	 3.31626E+04
 1.89362E+03	 3.31860E+04
 1.89780E+03	 3.32339E+04
 1.90199E+03	 3.32998E+04
 1.90617E+03	 3.33384E+04
 1.91035E+03	 3.33743E+04
 1.91453E+03	 3.34213E+04
 1.91871E+03	 3.35076E+04
 1.92288E+03	 3.35477E+04
 1.92705E+03	 3.36094E+04
 1.93122E+03	 3.36744E+04
 1.93539E+03	 3.37241E+04
 1.93956E+03	 3.37459E+04
 1.94372E+03	 3.38061E+04
 1.94788E+03	 3.38610E+04
 1.95204E+03	 3.38934E+04
 1.95620E+03	 3.39131E+04
 1.96035E+03	 3.40064E+04
 1.96451E+03	 3.40801E+04
 1.96866E+03	 3.40699E+04
 1.97280E+03	 3.40989E+04
 1.97695E+03	 3.41516E+04
 1.98110E+03	 3.42131E+04
 1.98524E+03	 3.42765E+04
 1.98938E+03	 3.42844E+04
 1.99352E+03	 3.43351E+04
 1.99765E+03	 3.43876E+04
 2.00179E+03	 3.44341E+04
 2.00592E+03	 3.44553E+04
 2.01005E+03	 3.45034E+04
 2.01417E+03	 3.45584E+04
 2.01830E+03	 3.45999E+04
 2.02242E+03	 3.46470E+04
 2.02654E+03	 3.47211E+04
 2.03066E+03	 3.47521E+04
 2.03478E+03	 3.47799E+04
 2.03889E+03	 3.48309E+04
 2.04301E+03	 3.48948E+04
 2.04712E+03	 3.49408E+04
 2.05123E+03	 3.49451E+04
 2.05533E+03	 3.49904E+04
 2.05944E+03	 3.50721E+04
 2.06354E+03	 3.51044E+04
 2.06764E+03	 3.51324E+04
 2.07174E+03	 3.51673E+04
 2.07583E+03	 3.51865E+04
 2.07993E+03	 3.52576E+04
 2.08402E+03	 3.52831E+04
 2.08811E+03	 3.53431E+04
 2.09219E+03	 3.53541E+04
 2.09628E+03	 3.54051E+04
 2.10036E+03	 3.54101E+04
 2.10444E+03	 3.54752E+04
 2.10852E+03	 3.55271E+04
 2.11260E+03	 3.55565E+04
 2.11668E+03	 3.56046E+04
 2.12075E+03	 3.56711E+04
 2.12482E+03	 3.57124E+04
 2.12889E+03	 3.57510E+04
 2.13296E+03	 3.58161E+04
 2.13702E+03	 3.58402E+04
 2.14108E+03	 3.58769E+04
 2.14514E+03	 3.59155E+04
 2.14920E+03	 3.59521E+04
 2.15326E+03	 3.60100E+04
 2.15731E+03	 3.60338E+04
 2.16137E+03	 3.61203E+04
 2.16542E+03	 3.61666E+04
 2.16946E+03	 3.61706E+04
 2.17351E+03	 3.61959E+04
 2.17755E+03	 3.62643E+04
 2.18160E+03	 3.62886E+04
 2.18564E+03	 3.63449E+04
 2.18967E+03	 3.63764E+04
 2.19371E+03	 3.63836E+04
 2.19774E+03	 3.64257E+04
 2.20178E+03	 3.64748E+04
 2.20581E+03	 3.65165E+04
 2.20983E+03	 3.65327E+04
 2.21386E+03	 3.65766E+04
 2.21788E+03	 3.66161E+04
 2.22190E+03	 3.66728E+04
 2.22592E+03	 3.66905E+04
 2.22994E+03	 3.67434E+04
 2.23396E+03	 3.67630E+04
 2.23797E+03	 3.68388E+04
 2.24198E+03	 3.68202E+04
 2.24599E+03	 3.68493E+04
 2.25000E+03	 3.68903E+04
 2.25401E+03	 3.69719E+04
 2.25801E+03	 3.70058E+04
 2.26201E+03	 3.70408E+04
 2.26601E+03	 3.70794E+04
 2.27001E+03	 3.71052E+04
 2.27400E+03	 3.71159E+04
 2.27800E+03	 3.71736E+04
 2.28199E+03	 3.72326E+04
 2.28598E+03	 3.72536E+04
 2.28996E+03	 3.72781E+04
 2.29395E+03	 3.72899E+04
 2.29793E+03	 3.73577E+04
 2.30191E+03	 3.73784E+04
 2.30589E+03	 3.74228E+04
 2.30987E+03	 3.74585E+04
 2.31384E+03	 3.74973E+04
 2.31782E+03	 3.75448E+04
 2.32179E+03	 3.75588E+04
 2.32576E+03	 3.76101E+04
 2.32973E+03	 3.76201E+04
 2.33369E+03	 3.76924E+04
 2.33765E+03	 3.77221E+04
 2.34162E+03	 3.77469E+04
 2.34557E+03	 3.77770E+04
 2.34953E+03	 3.78501E+04
 2.35349E+03	 3.78861E+04
 2.35744E+03	 3.79527E+04
 2.36139E+03	 3.79775E+04
 2.36534E+03	 3.79979E+04
 2.36929E+03	 3.80724E+04
 2.37323E+03	 3.80777E+04
 2.37718E+03	 3.81399E+04
 2.38112E+03	 3.81586E+04
 2.38506E+03	 3.82058E+04
 2.38900E+03	 3.82539E+04
 2.39293E+03	 3.82699E+04
 2.39686E+03	 3.83285E+04
 2.40080E+03	 3.83411E+04
 2.40473E+03	 3.83879E+04
 2.40865E+03	 3.84342E+04
 2.41258E+03	 3.84653E+04
 2.41650E+03	 3.84974E+04
 2.42042E+03	 3.85420E+04
 2.42434E+03	 3.85787E+04
 2.42826E+03	 3.86328E+04
 2.43218E+03	 3.86729E+04
 2.43609E+03	 3.87056E+04
 2.44000E+03	 3.87315E+04
 2.44391E+03	 3.87964E+04
 2.44782E+03	 3.88404E+04
 2.45173E+03	 3.88719E+04
 2.45563E+03	 3.89606E+04
 2.45953E+03	 3.89569E+04
 2.46343E+03	 3.90206E+04
 2.46733E+03	 3.90724E+04
 2.47123E+03	 3.91053E+04
 2.47512E+03	 3.91399E+04
 2.47902E+03	 3.91848E+04
 2.48291E+03	 3.92066E+04
 2.48679E+03	 3.92529E+04
 2.49068E+03	 3.92674E+04
 2.49457E+03	 3.93295E+04
 2.49845E+03	 3.93609E+04
 2.50233E+03	 3.93968E+04
 2.50621E+03	 3.94514E+04
 2.51008E+03	 3.94927E+04
 2.51396E+03	 3.95144E+04
 2.51783E+03	 3.95423E+04
 2.52170E+03	 3.96311E+04
 2.52557E+03	 3.96414E+04
 2.52944E+03	 3.96896E+04
 2.53331E+03	 3.97124E+04
 2.53717E+03	 3.97898E+04
 2.54103E+03	 3.98339E+04
 2.54489E+03	 3.98778E+04
 2.54875E+03	 3.98851E+04
 2.55260E+03	 3.99329E+04
 2.55646E+03	 4.00038E+04
 2.56031E+03	 4.00378E+04
 2.56416E+03	 4.00617E+04
 2.56801E+03	 4.01003E+04
 2.57185E+03	 4.01610E+04
 2.57570E+03	 4.01821E+04
 2.57954E+03	 4.02311E+04
 2.58338E+03	 4.02714E+04
 2.58722E+03	 4.02792E+04
 2.59105E+03	 4.03509E+04
 2.59489E+03	 4.03843E+04
 2.59872E+03	 4.03981E+04
 2.60255E+03	 4.04304E+04
 2.60638E+03	 4.04849E+04
 2.61021E+03	 4.05317E+04
 2.61403E+03	 4.05988E+04
 2.61786E+03	 4.05929E+04
 2.62168E+03	 4.06494E+04
 2.62550E+03	 4.06867E+04
 2.62932E+03	 4.07009E+04
 2.63313E+03	 4.07651E+04
 2.63695E+03	 4.08232E+04
 2.64076E+03	 4.08591E+04
 2.64457E+03	 4.08787E+04
 2.64838E+03	 4.09193E+04
 2.65218E+03	 4.09834E+04
 2.65599E+03	 4.09922E+04
 2.65979E+03	 4.10366E+04
 2.66359E+03	 4.10863E+04
 2.66739E+03	 4.11233E+04
 2.67118E+03	 4.11893E+04
 2.67498E+03	 4.12394E+04
 2.67877E+03	 4.13087E+04
 2.68256E+03	 4.13385E+04
 2.68635E+03	 4.13813E+04
 2.69014E+03	 4.13701E+04
 2.69393E+03	 4.14362E+04
 2.69771E+03	 4.14801E+04
 2.70149E+03	 4.15019E+04
 2.70527E+03	 4.15474E+04
 2.70905E+03	 4.15864E+04
 2.71283E+03	 4.16159E+04
 2.71660E+03	 4.16638E+04
 2.72037E+03	 4.16981E+04
 2.72414E+03	 4.17369E+04
 2.72791E+03	 4.17969E+04
 2.73168E+03	 4.18420E+04
 2.73544E+03	 4.18861E+04
 2.73921E+03	 4.19161E+04
 2.74297E+03	 4.19595E+04
 2.74673E+03	 4.20194E+04
 2.75049E+03	 4.20561E+04
 2.75424E+03	 4.20619E+04
 2.75800E+03	 4.21251E+04
 2.76175E+03	 4.21664E+04
 2.76550E+03	 4.22179E+04
 2.76925E+03	 4.22724E+04
 2.77299E+03	 4.23034E+04
 2.77674E+03	 4.23436E+04
 2.78048E+03	 4.23857E+04
 2.78422E+03	 4.24234E+04
 2.78796E+03	 4.24553E+04
 2.79170E+03	 4.25554E+04
 2.79544E+03	 4.25663E+04
 2.79917E+03	 4.26104E+04
 2.80290E+03	 4.26530E+04
 2.80663E+03	 4.26878E+04
 2.81036E+03	 4.27063E+04
 2.81409E+03	 4.27431E+04
 2.81781E+03	 4.27845E+04
 2.82153E+03	 4.28599E+04
 2.82525E+03	 4.28957E+04
 2.82897E+03	 4.29463E+04
 2.83269E+03	 4.29840E+04
 2.83641E+03	 4.29936E+04
 2.84012E+03	 4.30691E+04
 2.84383E+03	 4.30848E+04
 2.84754E+03	 4.31349E+04
 2.85125E+03	 4.31771E+04
 2.85496E+03	 4.31898E+04
 2.85866E+03	 4.32453E+04
 2.86236E+03	 4.33123E+04
 2.86606E+03	 4.33089E+04
 2.86976E+03	 4.33726E+04
 2.87346E+03	 4.34190E+04
 2.87716E+03	 4.34439E+04
 2.88085E+03	 4.34976E+04
 2.88454E+03	 4.35493E+04
 2.88823E+03	 4.35807E+04
 2.89192E+03	 4.36021E+04
 2.89561E+03	 4.36256E+04
 2.89929E+03	 4.36797E+04
 2.90297E+03	 4.37269E+04
 2.90666E+03	 4.37716E+04
 2.91033E+03	 4.38000E+04
 2.91401E+03	 4.38504E+04
 2.91769E+03	 4.38748E+04
 2.92136E+03	 4.39171E+04
 2.92503E+03	 4.39377E+04
 2.92870E+03	 4.39801E+04
 2.93237E+03	 4.39997E+04
 2.93604E+03	 4.40639E+04
 2.93970E+03	 4.40969E+04
 2.94337E+03	 4.41514E+04
 2.94703E+03	 4.41754E+04
 2.95069E+03	 4.42154E+04
 2.95435E+03	 4.42653E+04
 2.95800E+03	 4.42913E+04
 2.96166E+03	 4.43096E+04
 2.96531E+03	 4.43579E+04
 2.96896E+03	 4.44078E+04
 2.97261E+03	 4.44548E+04
 2.97626E+03	 4.44969E+04
 2.97990E+03	 4.45274E+04
 2.98354E+03	 4.45700E+04
 2.98719E+03	 4.46020E+04
 2.99083E+03	 4.46318E+04
 2.99446E+03	 4.47011E+04
 2.99810E+03	 4.47518E+04
 3.00174E+03	 4.47865E+04
 3.00537E+03	 4.48259E+04
 3.00900E+03	 4.48185E+04
 3.01263E+03	 4.48756E+04
 3.01626E+03	 4.49071E+04
 3.01988E+03	 4.49201E+04
 3.02351E+03	 4.49769E+04
 3.02713E+03	 4.50273E+04
 3.03075E+03	 4.50309E+04
 3.03437E+03	 4.50641E+04
 3.03799E+03	 4.50780E+04
 3.04160E+03	 4.51466E+04
 3.04521E+03	 4.51742E+04
 3.04883E+03	 4.51985E+04
 3.05244E+03	 4.52329E+04
 3.05605E+03	 4.52734E+04
 3.05965E+03	 4.52841E+04
 3.06326E+03	 4.52933E+04
 3.06686E+03	 4.53598E+04
 3.07046E+03	 4.53719E+04
 3.07406E+03	 4.53812E+04
 3.07766E+03	 4.54136E+04
 3.08125E+03	 4.54749E+04
 3.08485E+03	 4.55322E+04
 3.08844E+03	 4.55636E+04
 3.09203E+03	 4.55663E+04
 3.09562E+03	 4.56326E+04
 3.09921E+03	 4.56286E+04
 3.10280E+03	 4.56781E+04
 3.10638E+03	 4.56874E+04
 3.10996E+03	 4.57253E+04
 3.11354E+03	 4.57994E+04
 3.11712E+03	 4.57917E+04
 3.12070E+03	 4.58249E+04
 3.12427E+03	 4.58406E+04
 3.12785E+03	 4.59158E+04
 3.13142E+03	 4.59205E+04
 3.13499E+03	 4.59544E+04
 3.13856E+03	 4.59586E+04
 3.14212E+03	 4.60053E+04
 3.14569E+03	 4.60220E+04
 3.14925E+03	 4.60208E+04
 3.15281E+03	 4.60743E+04
 3.15637E+03	 4.60834E+04
 3.15993E+03	 4.61357E+04
 3.16349E+03	 4.61563E+04
 3.16704E+03	 4.61822E+04
 3.17060E+03	 4.62010E+04
 3.17415E+03	 4.62574E+04
 3.17770E+03	 4.62411E+04
 3.18124E+03	 4.62969E+04
 3.18479E+03	 4.63423E+04
 3.18834E+03	 4.63571E+04
 3.19188E+03	 4.64221E+04
 3.19542E+03	 4.63890E+04
 3.19896E+03	 4.64678E+04
 3.20250E+03	 4.64859E+04
 3.20603E+03	 4.65078E+04
 3.20957E+03	 4.65278E+04
 3.21310E+03	 4.65329E+04
 3.21663E+03	 4.66136E+04
 3.22016E+03	 4.66283E+04
 3.22369E+03	 4.66379E+04
 3.22721E+03	 4.66661E+04
 3.23074E+03	 4.66844E+04
 3.23426E+03	 4.67193E+04
 3.23778E+03	 4.67229E+04
 3.24130E+03	 4.67486E+04
 3.24481E+03	 4.67951E+04
 3.24833E+03	 4.68086E+04
 3.25184E+03	 4.68321E+04
 3.25536E+03	 4.68396E+04
 3.25887E+03	 4.68776E+04
 3.26238E+03	 4.69249E+04
 3.26588E+03	 4.69509E+04
 3.26939E+03	 4.69386E+04
 3.27289E+03	 4.69848E+04
 3.27639E+03	 4.70245E+04
 3.27989E+03	 4.70286E+04
 3.28339E+03	 4.70195E+04
 3.28689E+03	 4.70816E+04
 3.29039E+03	 4.71171E+04
 3.29388E+03	 4.71307E+04
 3.29737E+03	 4.71252E+04
 3.30086E+03	 4.72031E+04
 3.30435E+03	 4.72106E+04
 3.30784E+03	 4.72108E+04
 3.31132E+03	 4.72279E+04
 3.31481E+03	 4.72751E+04
 3.31829E+03	 4.72613E+04
 3.32177E+03	 4.72796E+04
 3.32525E+03	 4.73019E+04
 3.32873E+03	 4.73057E+04
 3.33220E+03	 4.73618E+04
 3.33567E+03	 4.73619E+04
 3.33915E+03	 4.73794E+04
 3.34262E+03	 4.74064E+04
 3.34609E+03	 4.73979E+04
 3.34955E+03	 4.73786E+04
 3.35302E+03	 4.74497E+04
 3.35648E+03	 4.74899E+04
 3.35994E+03	 4.74606E+04
 3.36341E+03	 4.74632E+04
 3.36686E+03	 4.74926E+04
 3.37032E+03	 4.74883E+04
 3.37378E+03	 4.75239E+04
 3.37723E+03	 4.75073E+04
 3.38068E+03	 4.75216E+04
 3.38413E+03	 4.75774E+04
 3.38758E+03	 4.75709E+04
 3.39103E+03	 4.75473E+04
 3.39448E+03	 4.75356E+04
 3.39792E+03	 4.75886E+04
 3.40136E+03	 4.75708E+04
 3.40480E+03	 4.75961E+04
 3.40824E+03	 4.76022E+04
 3.41168E+03	 4.75985E+04
 3.41512E+03	 4.76331E+04
 3.41855E+03	 4.76208E+04
 3.42198E+03	 4.76354E+04
 3.42541E+03	 4.76192E+04
 3.42884E+03	 4.76502E+04
 3.43227E+03	 4.76256E+04
 3.43570E+03	 4.76906E+04
 3.43912E+03	 4.76718E+04
 3.44254E+03	 4.76787E+04
 3.44597E+03	 4.76849E+04
 3.44939E+03	 4.77041E+04
 3.45280E+03	 4.76706E+04
 3.45622E+03	 4.77065E+04
 3.45963E+03	 4.77269E+04
 3.46305E+03	 4.77266E+04
 3.46646E+03	 4.77463E+04
 3.46987E+03	 4.77481E+04
 3.47328E+03	 4.77651E+04
 3.47668E+03	 4.77721E+04
 3.48009E+03	 4.78120E+04
 3.48349E+03	 4.78104E+04
 3.48689E+03	 4.78151E+04
 3.49029E+03	 4.78154E+04
 3.49369E+03	 4.78162E+04
 3.49709E+03	 4.78329E+04
 3.50049E+03	 4.77988E+04
 3.50388E+03	 4.78277E+04
 3.50727E+03	 4.78543E+04
 3.51066E+03	 4.78368E+04
 3.51405E+03	 4.78288E+04
 3.51744E+03	 4.78486E+04
 3.52082E+03	 4.78221E+04
 3.52421E+03	 4.78532E+04
 3.52759E+03	 4.78268E+04
 3.53097E+03	 4.78258E+04
 3.53435E+03	 4.78266E+04
 3.53773E+03	 4.78054E+04
 3.54110E+03	 4.78458E+04
 3.54448E+03	 4.78504E+04
 3.54785E+03	 4.78751E+04
 3.55122E+03	 4.78634E+04
 3.55459E+03	 4.78697E+04
 3.55796E+03	 4.78976E+04
 3.56133E+03	 4.78918E+04
 3.56469E+03	 4.78961E+04
 3.56806E+03	 4.78734E+04
 3.57142E+03	 4.78821E+04
 3.57478E+03	 4.78938E+04
 3.57814E+03	 4.78866E+04
 3.58149E+03	 4.78884E+04
 3.58485E+03	 4.78805E+04
 3.58820E+03	 4.78719E+04
 3.59156E+03	 4.78666E+04
 3.59491E+03	 4.78532E+04
 3.59826E+03	 4.79015E+04
 3.60160E+03	 4.78749E+04
 3.60495E+03	 4.78811E+04
 3.60829E+03	 4.78576E+04
 3.61164E+03	 4.78590E+04
 3.61498E+03	 4.78474E+04
 3.61832E+03	 4.78513E+04
 3.62166E+03	 4.78476E+04
 3.62499E+03	 4.78347E+04
 3.62833E+03	 4.78224E+04
 3.63166E+03	 4.77843E+04
 3.63499E+03	 4.77856E+04
 3.63832E+03	 4.77967E+04
 3.64165E+03	 4.77702E+04
 3.64498E+03	 4.77764E+04
 3.64831E+03	 4.77434E+04
 3.65163E+03	 4.77499E+04
 3.65495E+03	 4.77258E+04
 3.65827E+03	 4.77196E+04
 3.66159E+03	 4.77451E+04
 3.66491E+03	 4.76749E+04
 3.66823E+03	 4.77024E+04
 3.67154E+03	 4.76588E+04
 3.67485E+03	 4.76724E+04
 3.67817E+03	 4.77070E+04
 3.68148E+03	 4.76421E+04
 3.68478E+03	 4.76855E+04
 3.68809E+03	 4.76099E+04
 3.69140E+03	 4.76317E+04
 3.69470E+03	 4.76163E+04
 3.69800E+03	 4.75971E+04
 3.70130E+03	 4.75471E+04
 3.70460E+03	 4.75451E+04
 3.70790E+03	 4.75387E+04
 3.71120E+03	 4.75510E+04
 3.71449E+03	 4.75170E+04
 3.71778E+03	 4.74773E+04
 3.72108E+03	 4.74794E+04
 3.72437E+03	 4.74784E+04
 3.72765E+03	 4.74527E+04
 3.73094E+03	 4.74139E+04
 3.73423E+03	 4.74087E+04
 3.73751E+03	 4.73946E+04
 3.74079E+03	 4.73746E+04
 3.74407E+03	 4.73973E+04
 3.74735E+03	 4.74034E+04
 3.75063E+03	 4.73984E+04
 3.75391E+03	 4.73693E+04
 3.75718E+03	 4.73533E+04
 3.76045E+03	 4.73346E+04
 3.76373E+03	 4.73519E+04
 3.76700E+03	 4.72869E+04
 3.77026E+03	 4.73046E+04
 3.77353E+03	 4.72394E+04
 3.77680E+03	 4.72306E+04
 3.78006E+03	 4.71969E+04
 3.78332E+03	 4.72116E+04
 3.78658E+03	 4.71649E+04
 3.78984E+03	 4.71733E+04
 3.79310E+03	 4.71045E+04
 3.79636E+03	 4.70938E+04
 3.79961E+03	 4.70660E+04
 3.80287E+03	 4.70623E+04
 3.80612E+03	 4.70351E+04
 3.80937E+03	 4.70017E+04
 3.81262E+03	 4.69849E+04
 3.81586E+03	 4.69751E+04
 3.81911E+03	 4.69395E+04
 3.82235E+03	 4.69411E+04
 3.82560E+03	 4.69049E+04
 3.82884E+03	 4.69379E+04
 3.83208E+03	 4.68838E+04
 3.83532E+03	 4.68595E+04
 3.83855E+03	 4.68215E+04
 3.84179E+03	 4.67926E+04
 3.84502E+03	 4.67711E+04
 3.84825E+03	 4.67153E+04
 3.85148E+03	 4.67111E+04
 3.85471E+03	 4.66616E+04
 3.85794E+03	 4.66207E+04
 3.86117E+03	 4.66600E+04
 3.86439E+03	 4.66125E+04
 3.86762E+03	 4.65736E+04
 3.87084E+03	 4.65269E+04
 3.87406E+03	 4.64704E+04
 3.87728E+03	 4.64833E+04
 3.88049E+03	 4.64458E+04
 3.88371E+03	 4.64279E+04
 3.88692E+03	 4.64260E+04
 3.89014E+03	 4.63894E+04
 3.89335E+03	 4.63383E+04
 3.89656E+03	 4.63108E+04
 3.89977E+03	 4.63042E+04
 3.90297E+03	 4.62749E+04
 3.90618E+03	 4.62725E+04
 3.90938E+03	 4.62214E+04
 3.91258E+03	 4.61779E+04
 3.91579E+03	 4.61596E+04
 3.91898E+03	 4.60983E+04
 3.92218E+03	 4.61101E+04
 3.92538E+03	 4.60670E+04
 3.92857E+03	 4.60355E+04
 3.93177E+03	 4.59976E+04
 3.93496E+03	 4.59865E+04
 3.93815E+03	 4.59790E+04
 3.94134E+03	 4.59456E+04
 3.94453E+03	 4.59125E+04
 3.94771E+03	 4.58903E+04
 3.95090E+03	 4.58126E+04
 3.95408E+03	 4.57616E+04
 3.95726E+03	 4.57306E+04
 3.96044E+03	 4.56827E+04
 3.96362E+03	 4.56465E+04
 3.96680E+03	 4.56222E+04
 3.96997E+03	 4.55971E+04
 3.97315E+03	 4.55523E+04
 3.97632E+03	 4.55131E+04
 3.97949E+03	 4.54769E+04
 3.98266E+03	 4.54566E+04
 3.98583E+03	 4.54263E+04
 3.98900E+03	 4.53753E+04
 3.99216E+03	 4.53286E+04
 3.99533E+03	 4.52681E+04
 3.99849E+03	 4.52768E+04
 4.00165E+03	 4.52494E+04
 4.00481E+03	 4.51976E+04
 4.00797E+03	 4.51381E+04
 4.01113E+03	 4.50788E+04
 4.01428E+03	 4.51148E+04
 4.01744E+03	 4.50306E+04
 4.02059E+03	 4.50583E+04
 4.02374E+03	 4.50065E+04
 4.02689E+03	 4.49859E+04
 4.03004E+03	 4.49256E+04
 4.03318E+03	 4.48824E+04
 4.03633E+03	 4.48431E+04
 4.03947E+03	 4.47939E+04
 4.04262E+03	 4.47368E+04
 4.04576E+03	 4.46786E+04
 4.04890E+03	 4.46559E+04
 4.05203E+03	 4.45877E+04
 4.05517E+03	 4.45489E+04
 4.05831E+03	 4.45266E+04
 4.06144E+03	 4.40111E+04
