-1.03034E+02	 2.32650E+03
-9.77694E+01	 2.35030E+03
-9.25079E+01	 2.37995E+03
-8.72494E+01	 2.39985E+03
-8.19938E+01	 2.42505E+03
-7.67412E+01	 2.45610E+03
-7.14916E+01	 2.47700E+03
-6.62450E+01	 2.50015E+03
-6.10013E+01	 2.52835E+03
-5.57605E+01	 2.55275E+03
-5.05228E+01	 2.57805E+03
-4.52879E+01	 2.60225E+03
-4.00561E+01	 2.62420E+03
-3.48271E+01	 2.65605E+03
-2.96012E+01	 2.68990E+03
-2.43781E+01	 2.70965E+03
-1.91580E+01	 2.72885E+03
-1.39409E+01	 2.76330E+03
-8.72666E+00	 2.78825E+03
-3.51538E+00	 2.81740E+03
 1.69298E+00	 2.84945E+03
 6.89840E+00	 2.87145E+03
 1.21009E+01	 2.90100E+03
 1.73005E+01	 2.92785E+03
 2.24971E+01	 2.95275E+03
 2.76908E+01	 2.98000E+03
 3.28816E+01	 3.01385E+03
 3.80695E+01	 3.04620E+03
 4.32545E+01	 3.07170E+03
 4.84366E+01	 3.09965E+03
 5.36157E+01	 3.12985E+03
 5.87920E+01	 3.16415E+03
 6.39653E+01	 3.18950E+03
 6.91358E+01	 3.21755E+03
 7.43033E+01	 3.25100E+03
 7.94680E+01	 3.27775E+03
 8.46297E+01	 3.30945E+03
 8.97886E+01	 3.33830E+03
 9.49446E+01	 3.36755E+03
 1.00098E+02	 3.39760E+03
 1.05248E+02	 3.43025E+03
 1.10395E+02	 3.46480E+03
 1.15540E+02	 3.49515E+03
 1.20681E+02	 3.52385E+03
 1.25820E+02	 3.55820E+03
 1.30956E+02	 3.58495E+03
 1.36089E+02	 3.61735E+03
 1.41219E+02	 3.65160E+03
 1.46346E+02	 3.68500E+03
 1.51470E+02	 3.72400E+03
 1.56592E+02	 3.75910E+03
 1.61710E+02	 3.79120E+03
 1.66826E+02	 3.82815E+03
 1.71939E+02	 3.85955E+03
 1.77049E+02	 3.88985E+03
 1.82156E+02	 3.92880E+03
 1.87260E+02	 3.96470E+03
 1.92362E+02	 4.00510E+03
 1.97461E+02	 4.03960E+03
 2.02556E+02	 4.08015E+03
 2.07649E+02	 4.11535E+03
 2.12739E+02	 4.14535E+03
 2.17827E+02	 4.18270E+03
 2.22911E+02	 4.21650E+03
 2.27993E+02	 4.25980E+03
 2.33072E+02	 4.29220E+03
 2.38148E+02	 4.32045E+03
 2.43221E+02	 4.35865E+03
 2.48291E+02	 4.39505E+03
 2.53359E+02	 4.43205E+03
 2.58423E+02	 4.47445E+03
 2.63485E+02	 4.51245E+03
 2.68544E+02	 4.54925E+03
 2.73600E+02	 4.58345E+03
 2.78654E+02	 4.62340E+03
 2.83704E+02	 4.66560E+03
 2.88752E+02	 4.68970E+03
 2.93797E+02	 4.73660E+03
 2.98840E+02	 4.77095E+03
 3.03879E+02	 4.81190E+03
 3.08916E+02	 4.85085E+03
 3.13949E+02	 4.89475E+03
 3.18980E+02	 4.92595E+03
 3.24009E+02	 4.97455E+03
 3.29034E+02	 5.01895E+03
 3.34057E+02	 5.05625E+03
 3.39077E+02	 5.09670E+03
 3.44094E+02	 5.13940E+03
 3.49108E+02	 5.18345E+03
 3.54120E+02	 5.21060E+03
 3.59129E+02	 5.26205E+03
 3.64135E+02	 5.29955E+03
 3.69138E+02	 5.34715E+03
 3.74138E+02	 5.38135E+03
 3.79136E+02	 5.43160E+03
 3.84131E+02	 5.46895E+03
 3.89123E+02	 5.51195E+03
 3.94113E+02	 5.56325E+03
 3.99099E+02	 5.59440E+03
 4.04083E+02	 5.63940E+03
 4.09064E+02	 5.67680E+03
 4.14043E+02	 5.73075E+03
 4.19019E+02	 5.77090E+03
 4.23991E+02	 5.81790E+03
 4.28962E+02	 5.85475E+03
 4.33929E+02	 5.89700E+03
 4.38894E+02	 5.95170E+03
 4.43856E+02	 5.99145E+03
 4.48815E+02	 6.04055E+03
 4.53771E+02	 6.08485E+03
 4.58725E+02	 6.12280E+03
 4.63676E+02	 6.17915E+03
 4.68625E+02	 6.22785E+03
 4.73570E+02	 6.27460E+03
 4.78513E+02	 6.31255E+03
 4.83453E+02	 6.36105E+03
 4.88391E+02	 6.39935E+03
 4.93325E+02	 6.46005E+03
 4.98257E+02	 6.50235E+03
 5.03187E+02	 6.55625E+03
 5.08113E+02	 6.59960E+03
 5.13037E+02	 6.64235E+03
 5.17958E+02	 6.69655E+03
 5.22877E+02	 6.74415E+03
 5.27792E+02	 6.79130E+03
 5.32706E+02	 6.83225E+03
 5.37616E+02	 6.88470E+03
 5.42524E+02	 6.93455E+03
 5.47429E+02	 6.98720E+03
 5.52331E+02	 7.04045E+03
 5.57230E+02	 7.08735E+03
 5.62127E+02	 7.13325E+03
 5.67022E+02	 7.18940E+03
 5.71913E+02	 7.24175E+03
 5.76802E+02	 7.28880E+03
 5.81688E+02	 7.33925E+03
 5.86572E+02	 7.38715E+03
 5.91452E+02	 7.43975E+03
 5.96331E+02	 7.48955E+03
 6.01206E+02	 7.55075E+03
 6.06079E+02	 7.59730E+03
 6.10949E+02	 7.63850E+03
 6.15817E+02	 7.69975E+03
 6.20681E+02	 7.74190E+03
 6.25544E+02	 7.79425E+03
 6.30403E+02	 7.85550E+03
 6.35260E+02	 7.90010E+03
 6.40114E+02	 7.95215E+03
 6.44966E+02	 8.00635E+03
 6.49815E+02	 8.06705E+03
 6.54661E+02	 8.11235E+03
 6.59505E+02	 8.17900E+03
 6.64346E+02	 8.22195E+03
 6.69184E+02	 8.28465E+03
 6.74020E+02	 8.32775E+03
 6.78853E+02	 8.39065E+03
 6.83683E+02	 8.43155E+03
 6.88511E+02	 8.49205E+03
 6.93336E+02	 8.55265E+03
 6.98159E+02	 8.59900E+03
 7.02978E+02	 8.65635E+03
 7.07796E+02	 8.72655E+03
 7.12610E+02	 8.77205E+03
 7.17422E+02	 8.83960E+03
 7.22232E+02	 8.89525E+03
 7.27039E+02	 8.94215E+03
 7.31843E+02	 8.99670E+03
 7.36644E+02	 9.04220E+03
 7.41443E+02	 9.10510E+03
 7.46240E+02	 9.17475E+03
 7.51033E+02	 9.21880E+03
 7.55825E+02	 9.28370E+03
 7.60613E+02	 9.34700E+03
 7.65399E+02	 9.39615E+03
 7.70182E+02	 9.46490E+03
 7.74963E+02	 9.51860E+03
 7.79741E+02	 9.57675E+03
 7.84517E+02	 9.64170E+03
 7.89290E+02	 9.70935E+03
 7.94060E+02	 9.76465E+03
 7.98828E+02	 9.82265E+03
 8.03593E+02	 9.88680E+03
 8.08356E+02	 9.95120E+03
 8.13116E+02	 1.00081E+04
 8.17873E+02	 1.00635E+04
 8.22628E+02	 1.01260E+04
 8.27380E+02	 1.01898E+04
 8.32130E+02	 1.02540E+04
 8.36877E+02	 1.03120E+04
 8.41622E+02	 1.03830E+04
 8.46364E+02	 1.04443E+04
 8.51103E+02	 1.05140E+04
 8.55840E+02	 1.05700E+04
 8.60575E+02	 1.06307E+04
 8.65306E+02	 1.07040E+04
 8.70036E+02	 1.07560E+04
 8.74762E+02	 1.08227E+04
 8.79486E+02	 1.08787E+04
 8.84208E+02	 1.09496E+04
 8.88927E+02	 1.10176E+04
 8.93644E+02	 1.10765E+04
 8.98357E+02	 1.11475E+04
 9.03069E+02	 1.12001E+04
 9.07778E+02	 1.12782E+04
 9.12484E+02	 1.13391E+04
 9.17188E+02	 1.14060E+04
 9.21889E+02	 1.14680E+04
 9.26588E+02	 1.15331E+04
 9.31284E+02	 1.16095E+04
 9.35977E+02	 1.16667E+04
 9.40669E+02	 1.17460E+04
 9.45357E+02	 1.18030E+04
 9.50043E+02	 1.18740E+04
 9.54727E+02	 1.19274E+04
 9.59408E+02	 1.20175E+04
 9.64086E+02	 1.20793E+04
 9.68762E+02	 1.21507E+04
 9.73436E+02	 1.22125E+04
 9.78107E+02	 1.22745E+04
 9.82775E+02	 1.23703E+04
 9.87441E+02	 1.24225E+04
 9.92104E+02	 1.24982E+04
 9.96765E+02	 1.25613E+04
 1.00142E+03	 1.26395E+04
 1.00608E+03	 1.27103E+04
 1.01073E+03	 1.27687E+04
 1.01538E+03	 1.28515E+04
 1.02003E+03	 1.29239E+04
 1.02468E+03	 1.30040E+04
 1.02932E+03	 1.30555E+04
 1.03396E+03	 1.31353E+04
 1.03860E+03	 1.32145E+04
 1.04324E+03	 1.32754E+04
 1.04787E+03	 1.33645E+04
 1.05250E+03	 1.34208E+04
 1.05713E+03	 1.35018E+04
 1.06176E+03	 1.35645E+04
 1.06638E+03	 1.36535E+04
 1.07100E+03	 1.37232E+04
 1.07562E+03	 1.37808E+04
 1.08024E+03	 1.38738E+04
 1.08485E+03	 1.39451E+04
 1.08946E+03	 1.40183E+04
 1.09407E+03	 1.40812E+04
 1.09868E+03	 1.41570E+04
 1.10328E+03	 1.42180E+04
 1.10788E+03	 1.42939E+04
 1.11248E+03	 1.43682E+04
 1.11708E+03	 1.44553E+04
 1.12167E+03	 1.45153E+04
 1.12626E+03	 1.45866E+04
 1.13085E+03	 1.46820E+04
 1.13544E+03	 1.47573E+04
 1.14002E+03	 1.48305E+04
 1.14460E+03	 1.48893E+04
 1.14918E+03	 1.49699E+04
 1.15376E+03	 1.50548E+04
 1.15833E+03	 1.51117E+04
 1.16291E+03	 1.51858E+04
 1.16748E+03	 1.52539E+04
 1.17204E+03	 1.53302E+04
 1.17661E+03	 1.54280E+04
 1.18117E+03	 1.54893E+04
 1.18573E+03	 1.55697E+04
 1.19029E+03	 1.56360E+04
 1.19484E+03	 1.57208E+04
 1.19939E+03	 1.58038E+04
 1.20394E+03	 1.58875E+04
 1.20849E+03	 1.59543E+04
 1.21304E+03	 1.60430E+04
 1.21758E+03	 1.61317E+04
 1.22212E+03	 1.61965E+04
 1.22666E+03	 1.62756E+04
 1.23119E+03	 1.63532E+04
 1.23573E+03	 1.64213E+04
 1.24026E+03	 1.65301E+04
 1.24479E+03	 1.66022E+04
 1.24931E+03	 1.66939E+04
 1.25384E+03	 1.67557E+04
 1.25836E+03	 1.68459E+04
 1.26288E+03	 1.69166E+04
 1.26739E+03	 1.69932E+04
 1.27191E+03	 1.70673E+04
 1.27642E+03	 1.71628E+04
 1.28093E+03	 1.72082E+04
 1.28543E+03	 1.73012E+04
 1.28994E+03	 1.73543E+04
 1.29444E+03	 1.74423E+04
 1.29894E+03	 1.74941E+04
 1.30344E+03	 1.75562E+04
 1.30793E+03	 1.76068E+04
 1.31243E+03	 1.76893E+04
 1.31692E+03	 1.77489E+04
 1.32140E+03	 1.78483E+04
 1.32589E+03	 1.78738E+04
 1.33037E+03	 1.79542E+04
 1.33485E+03	 1.80142E+04
 1.33933E+03	 1.80909E+04
 1.34381E+03	 1.81483E+04
 1.34828E+03	 1.82282E+04
 1.35275E+03	 1.82730E+04
 1.35722E+03	 1.83499E+04
 1.36169E+03	 1.84061E+04
 1.36615E+03	 1.84653E+04
 1.37061E+03	 1.85494E+04
 1.37507E+03	 1.86032E+04
 1.37953E+03	 1.86584E+04
 1.38398E+03	 1.87197E+04
 1.38844E+03	 1.87701E+04
 1.39289E+03	 1.88609E+04
 1.39733E+03	 1.88987E+04
 1.40178E+03	 1.89683E+04
 1.40622E+03	 1.89982E+04
 1.41066E+03	 1.90678E+04
 1.41510E+03	 1.91314E+04
 1.41954E+03	 1.91828E+04
 1.42397E+03	 1.92591E+04
 1.42840E+03	 1.92903E+04
 1.43283E+03	 1.93717E+04
 1.43726E+03	 1.94292E+04
 1.44168E+03	 1.94616E+04
 1.44610E+03	 1.95313E+04
 1.45052E+03	 1.96078E+04
 1.45494E+03	 1.96491E+04
 1.45936E+03	 1.97008E+04
 1.46377E+03	 1.97778E+04
 1.46818E+03	 1.98291E+04
 1.47259E+03	 1.98909E+04
 1.47699E+03	 1.99439E+04
 1.48140E+03	 2.00088E+04
 1.48580E+03	 2.00630E+04
 1.49020E+03	 2.01211E+04
 1.49459E+03	 2.01926E+04
 1.49899E+03	 2.02492E+04
 1.50338E+03	 2.02968E+04
 1.50777E+03	 2.03670E+04
 1.51216E+03	 2.04058E+04
 1.51654E+03	 2.04515E+04
 1.52092E+03	 2.04996E+04
 1.52530E+03	 2.05591E+04
 1.52968E+03	 2.06225E+04
 1.53406E+03	 2.06703E+04
 1.53843E+03	 2.07248E+04
 1.54280E+03	 2.07781E+04
 1.54717E+03	 2.08484E+04
 1.55154E+03	 2.08946E+04
 1.55590E+03	 2.09434E+04
 1.56027E+03	 2.10086E+04
 1.56463E+03	 2.10648E+04
 1.56898E+03	 2.11351E+04
 1.57334E+03	 2.11757E+04
 1.57769E+03	 2.12369E+04
 1.58204E+03	 2.12771E+04
 1.58639E+03	 2.13533E+04
 1.59074E+03	 2.13953E+04
 1.59508E+03	 2.14505E+04
 1.59942E+03	 2.15028E+04
 1.60376E+03	 2.15793E+04
 1.60810E+03	 2.16038E+04
 1.61243E+03	 2.16662E+04
 1.61677E+03	 2.17027E+04
 1.62110E+03	 2.17715E+04
 1.62542E+03	 2.18174E+04
 1.62975E+03	 2.18716E+04
 1.63407E+03	 2.19126E+04
 1.63840E+03	 2.19847E+04
 1.64271E+03	 2.20156E+04
 1.64703E+03	 2.20891E+04
 1.65135E+03	 2.21368E+04
 1.65566E+03	 2.21735E+04
 1.65997E+03	 2.22256E+04
 1.66428E+03	 2.22868E+04
 1.66858E+03	 2.23574E+04
 1.67289E+03	 2.23970E+04
 1.67719E+03	 2.24555E+04
 1.68149E+03	 2.24953E+04
 1.68578E+03	 2.25451E+04
 1.69008E+03	 2.25951E+04
 1.69437E+03	 2.26672E+04
 1.69866E+03	 2.27090E+04
 1.70295E+03	 2.27498E+04
 1.70723E+03	 2.27961E+04
 1.71152E+03	 2.28443E+04
 1.71580E+03	 2.29099E+04
 1.72008E+03	 2.29614E+04
 1.72435E+03	 2.30087E+04
 1.72863E+03	 2.30481E+04
 1.73290E+03	 2.31106E+04
 1.73717E+03	 2.31672E+04
 1.74144E+03	 2.31924E+04
 1.74570E+03	 2.32687E+04
 1.74997E+03	 2.33053E+04
 1.75423E+03	 2.33467E+04
 1.75849E+03	 2.33993E+04
 1.76274E+03	 2.34502E+04
 1.76700E+03	 2.34917E+04
 1.77125E+03	 2.35587E+04
 1.77550E+03	 2.35965E+04
 1.77975E+03	 2.36368E+04
 1.78399E+03	 2.37008E+04
 1.78824E+03	 2.37211E+04
 1.79248E+03	 2.37726E+04
 1.79672E+03	 2.38178E+04
 1.80095E+03	 2.38464E+04
 1.80519E+03	 2.39246E+04
 1.80942E+03	 2.39333E+04
 1.81365E+03	 2.40008E+04
 1.81788E+03	 2.40361E+04
 1.82211E+03	 2.41168E+04
 1.82633E+03	 2.41421E+04
 1.83055E+03	 2.41967E+04
 1.83477E+03	 2.42212E+04
 1.83899E+03	 2.43054E+04
 1.84320E+03	 2.43169E+04
 1.84742E+03	 2.43891E+04
 1.85163E+03	 2.44212E+04
 1.85584E+03	 2.44738E+04
 1.86004E+03	 2.45116E+04
 1.86425E+03	 2.45521E+04
 1.86845E+03	 2.46043E+04
 1.87265E+03	 2.46414E+04
 1.87685E+03	 2.46613E+04
 1.88104E+03	 2.47113E+04
 1.88524E+03	 2.47388E+04
 1.88943E+03	 2.47823E+04
 1.89362E+03	 2.48128E+04
 1.89780E+03	 2.48599E+04
 1.90199E+03	 2.48981E+04
 1.90617E+03	 2.49471E+04
 1.91035E+03	 2.49528E+04
 1.91453E+03	 2.50046E+04
 1.91871E+03	 2.50613E+04
 1.92288E+03	 2.50987E+04
 1.92705E+03	 2.51503E+04
 1.93122E+03	 2.51873E+04
 1.93539E+03	 2.52357E+04
 1.93956E+03	 2.52705E+04
 1.94372E+03	 2.52898E+04
 1.94788E+03	 2.53418E+04
 1.95204E+03	 2.53901E+04
 1.95620E+03	 2.53954E+04
 1.96035E+03	 2.54908E+04
 1.96451E+03	 2.55131E+04
 1.96866E+03	 2.55173E+04
 1.97280E+03	 2.55569E+04
 1.97695E+03	 2.56234E+04
 1.98110E+03	 2.56461E+04
 1.98524E+03	 2.56806E+04
 1.98938E+03	 2.57022E+04
 1.99352E+03	 2.57348E+04
 1.99765E+03	 2.57741E+04
 2.00179E+03	 2.58018E+04
 2.00592E+03	 2.58199E+04
 2.01005E+03	 2.58864E+04
 2.01417E+03	 2.59098E+04
 2.01830E+03	 2.59582E+04
 2.02242E+03	 2.59846E+04
 2.02654E+03	 2.60507E+04
 2.03066E+03	 2.60678E+04
 2.03478E+03	 2.61158E+04
 2.03889E+03	 2.61414E+04
 2.04301E+03	 2.61968E+04
 2.04712E+03	 2.62038E+04
 2.05123E+03	 2.62487E+04
 2.05533E+03	 2.62913E+04
 2.05944E+03	 2.63409E+04
 2.06354E+03	 2.63709E+04
 2.06764E+03	 2.63987E+04
 2.07174E+03	 2.64267E+04
 2.07583E+03	 2.64421E+04
 2.07993E+03	 2.65006E+04
 2.08402E+03	 2.65371E+04
 2.08811E+03	 2.65464E+04
 2.09219E+03	 2.65703E+04
 2.09628E+03	 2.66279E+04
 2.10036E+03	 2.66678E+04
 2.10444E+03	 2.66904E+04
 2.10852E+03	 2.67170E+04
 2.11260E+03	 2.67526E+04
 2.11668E+03	 2.68052E+04
 2.12075E+03	 2.68483E+04
 2.12482E+03	 2.68883E+04
 2.12889E+03	 2.69331E+04
 2.13296E+03	 2.69631E+04
 2.13702E+03	 2.69821E+04
 2.14108E+03	 2.70382E+04
 2.14514E+03	 2.70728E+04
 2.14920E+03	 2.71213E+04
 2.15326E+03	 2.71433E+04
 2.15731E+03	 2.71889E+04
 2.16137E+03	 2.72576E+04
 2.16542E+03	 2.72974E+04
 2.16946E+03	 2.73144E+04
 2.17351E+03	 2.73354E+04
 2.17755E+03	 2.73803E+04
 2.18160E+03	 2.73985E+04
 2.18564E+03	 2.74503E+04
 2.18967E+03	 2.74850E+04
 2.19371E+03	 2.75240E+04
 2.19774E+03	 2.75468E+04
 2.20178E+03	 2.75877E+04
 2.20581E+03	 2.76323E+04
 2.20983E+03	 2.76418E+04
 2.21386E+03	 2.77141E+04
 2.21788E+03	 2.77478E+04
 2.22190E+03	 2.77571E+04
 2.22592E+03	 2.77961E+04
 2.22994E+03	 2.78174E+04
 2.23396E+03	 2.78616E+04
 2.23797E+03	 2.79073E+04
 2.24198E+03	 2.79222E+04
 2.24599E+03	 2.79516E+04
 2.25000E+03	 2.79982E+04
 2.25401E+03	 2.80314E+04
 2.25801E+03	 2.80671E+04
 2.26201E+03	 2.81173E+04
 2.26601E+03	 2.81448E+04
 2.27001E+03	 2.81680E+04
 2.27400E+03	 2.82117E+04
 2.27800E+03	 2.82397E+04
 2.28199E+03	 2.82910E+04
 2.28598E+03	 2.83092E+04
 2.28996E+03	 2.83706E+04
 2.29395E+03	 2.83699E+04
 2.29793E+03	 2.84078E+04
 2.30191E+03	 2.84217E+04
 2.30589E+03	 2.84588E+04
 2.30987E+03	 2.85066E+04
 2.31384E+03	 2.85266E+04
 2.31782E+03	 2.85679E+04
 2.32179E+03	 2.86039E+04
 2.32576E+03	 2.86143E+04
 2.32973E+03	 2.86578E+04
 2.33369E+03	 2.86953E+04
 2.33765E+03	 2.87287E+04
 2.34162E+03	 2.87478E+04
 2.34557E+03	 2.87962E+04
 2.34953E+03	 2.88339E+04
 2.35349E+03	 2.88604E+04
 2.35744E+03	 2.89182E+04
 2.36139E+03	 2.89089E+04
 2.36534E+03	 2.89548E+04
 2.36929E+03	 2.90058E+04
 2.37323E+03	 2.90227E+04
 2.37718E+03	 2.90402E+04
 2.38112E+03	 2.90713E+04
 2.38506E+03	 2.90954E+04
 2.38900E+03	 2.91476E+04
 2.39293E+03	 2.91788E+04
 2.39686E+03	 2.91820E+04
 2.40080E+03	 2.92163E+04
 2.40473E+03	 2.92390E+04
 2.40865E+03	 2.92914E+04
 2.41258E+03	 2.92982E+04
 2.41650E+03	 2.93367E+04
 2.42042E+03	 2.93918E+04
 2.42434E+03	 2.94081E+04
 2.42826E+03	 2.94188E+04
 2.43218E+03	 2.94524E+04
 2.43609E+03	 2.95149E+04
 2.44000E+03	 2.95339E+04
 2.44391E+03	 2.95753E+04
 2.44782E+03	 2.96063E+04
 2.45173E+03	 2.96324E+04
 2.45563E+03	 2.96679E+04
 2.45953E+03	 2.96971E+04
 2.46343E+03	 2.97108E+04
 2.46733E+03	 2.98033E+04
 2.47123E+03	 2.97974E+04
 2.47512E+03	 2.98161E+04
 2.47902E+03	 2.98490E+04
 2.48291E+03	 2.99013E+04
 2.48679E+03	 2.99199E+04
 2.49068E+03	 2.99368E+04
 2.49457E+03	 2.99647E+04
 2.49845E+03	 2.99883E+04
 2.50233E+03	 3.00101E+04
 2.50621E+03	 3.00582E+04
 2.51008E+03	 3.01096E+04
 2.51396E+03	 3.01118E+04
 2.51783E+03	 3.01201E+04
 2.52170E+03	 3.02001E+04
 2.52557E+03	 3.02274E+04
 2.52944E+03	 3.02571E+04
 2.53331E+03	 3.02889E+04
 2.53717E+03	 3.03237E+04
 2.54103E+03	 3.03469E+04
 2.54489E+03	 3.03716E+04
 2.54875E+03	 3.03797E+04
 2.55260E+03	 3.04539E+04
 2.55646E+03	 3.04753E+04
 2.56031E+03	 3.04932E+04
 2.56416E+03	 3.05332E+04
 2.56801E+03	 3.05461E+04
 2.57185E+03	 3.05924E+04
 2.57570E+03	 3.06218E+04
 2.57954E+03	 3.06386E+04
 2.58338E+03	 3.06639E+04
 2.58722E+03	 3.07065E+04
 2.59105E+03	 3.07208E+04
 2.59489E+03	 3.07548E+04
 2.59872E+03	 3.07730E+04
 2.60255E+03	 3.07971E+04
 2.60638E+03	 3.08253E+04
 2.61021E+03	 3.08675E+04
 2.61403E+03	 3.09349E+04
 2.61786E+03	 3.09393E+04
 2.62168E+03	 3.09775E+04
 2.62550E+03	 3.09958E+04
 2.62932E+03	 3.10057E+04
 2.63313E+03	 3.10387E+04
 2.63695E+03	 3.10733E+04
 2.64076E+03	 3.11128E+04
 2.64457E+03	 3.11579E+04
 2.64838E+03	 3.11700E+04
 2.65218E+03	 3.12130E+04
 2.65599E+03	 3.12077E+04
 2.65979E+03	 3.12788E+04
 2.66359E+03	 3.12765E+04
 2.66739E+03	 3.13243E+04
 2.67118E+03	 3.13548E+04
 2.67498E+03	 3.14212E+04
 2.67877E+03	 3.14612E+04
 2.68256E+03	 3.14887E+04
 2.68635E+03	 3.15058E+04
 2.69014E+03	 3.15106E+04
 2.69393E+03	 3.15622E+04
 2.69771E+03	 3.15878E+04
 2.70149E+03	 3.16004E+04
 2.70527E+03	 3.16242E+04
 2.70905E+03	 3.16705E+04
 2.71283E+03	 3.17056E+04
 2.71660E+03	 3.17243E+04
 2.72037E+03	 3.17390E+04
 2.72414E+03	 3.17837E+04
 2.72791E+03	 3.18253E+04
 2.73168E+03	 3.18578E+04
 2.73544E+03	 3.18753E+04
 2.73921E+03	 3.19428E+04
 2.74297E+03	 3.19648E+04
 2.74673E+03	 3.19968E+04
 2.75049E+03	 3.20206E+04
 2.75424E+03	 3.20378E+04
 2.75800E+03	 3.20932E+04
 2.76175E+03	 3.21202E+04
 2.76550E+03	 3.21617E+04
 2.76925E+03	 3.21917E+04
 2.77299E+03	 3.22479E+04
 2.77674E+03	 3.22630E+04
 2.78048E+03	 3.23037E+04
 2.78422E+03	 3.23202E+04
 2.78796E+03	 3.23537E+04
 2.79170E+03	 3.23858E+04
 2.79544E+03	 3.24144E+04
 2.79917E+03	 3.24832E+04
 2.80290E+03	 3.24938E+04
 2.80663E+03	 3.25131E+04
 2.81036E+03	 3.25367E+04
 2.81409E+03	 3.25832E+04
 2.81781E+03	 3.26148E+04
 2.82153E+03	 3.26553E+04
 2.82525E+03	 3.26916E+04
 2.82897E+03	 3.27176E+04
 2.83269E+03	 3.27388E+04
 2.83641E+03	 3.27821E+04
 2.84012E+03	 3.28151E+04
 2.84383E+03	 3.28681E+04
 2.84754E+03	 3.29044E+04
 2.85125E+03	 3.29236E+04
 2.85496E+03	 3.29634E+04
 2.85866E+03	 3.29776E+04
 2.86236E+03	 3.30289E+04
 2.86606E+03	 3.30499E+04
 2.86976E+03	 3.30970E+04
 2.87346E+03	 3.31365E+04
 2.87716E+03	 3.31587E+04
 2.88085E+03	 3.32011E+04
 2.88454E+03	 3.32521E+04
 2.88823E+03	 3.32679E+04
 2.89192E+03	 3.32996E+04
 2.89561E+03	 3.33228E+04
 2.89929E+03	 3.33516E+04
 2.90297E+03	 3.34090E+04
 2.90666E+03	 3.34324E+04
 2.91033E+03	 3.34471E+04
 2.91401E+03	 3.34948E+04
 2.91769E+03	 3.35314E+04
 2.92136E+03	 3.35509E+04
 2.92503E+03	 3.36028E+04
 2.92870E+03	 3.36249E+04
 2.93237E+03	 3.36559E+04
 2.93604E+03	 3.36948E+04
 2.93970E+03	 3.36869E+04
 2.94337E+03	 3.37642E+04
 2.94703E+03	 3.37766E+04
 2.95069E+03	 3.38262E+04
 2.95435E+03	 3.38951E+04
 2.95800E+03	 3.39216E+04
 2.96166E+03	 3.39143E+04
 2.96531E+03	 3.40043E+04
 2.96896E+03	 3.40091E+04
 2.97261E+03	 3.40446E+04
 2.97626E+03	 3.40949E+04
 2.97990E+03	 3.41335E+04
 2.98354E+03	 3.41612E+04
 2.98719E+03	 3.42271E+04
 2.99083E+03	 3.42315E+04
 2.99446E+03	 3.42874E+04
 2.99810E+03	 3.43218E+04
 3.00174E+03	 3.43564E+04
 3.00537E+03	 3.43899E+04
 3.00900E+03	 3.44018E+04
 3.01263E+03	 3.44431E+04
 3.01626E+03	 3.44858E+04
 3.01988E+03	 3.45216E+04
 3.02351E+03	 3.45425E+04
 3.02713E+03	 3.45871E+04
 3.03075E+03	 3.46099E+04
 3.03437E+03	 3.46379E+04
 3.03799E+03	 3.46719E+04
 3.04160E+03	 3.46815E+04
 3.04521E+03	 3.47469E+04
 3.04883E+03	 3.47475E+04
 3.05244E+03	 3.48057E+04
 3.05605E+03	 3.48167E+04
 3.05965E+03	 3.48444E+04
 3.06326E+03	 3.48787E+04
 3.06686E+03	 3.49148E+04
 3.07046E+03	 3.49458E+04
 3.07406E+03	 3.49539E+04
 3.07766E+03	 3.50425E+04
 3.08125E+03	 3.50411E+04
 3.08485E+03	 3.51106E+04
 3.08844E+03	 3.51035E+04
 3.09203E+03	 3.51558E+04
 3.09562E+03	 3.51866E+04
 3.09921E+03	 3.52239E+04
 3.10280E+03	 3.52681E+04
 3.10638E+03	 3.52895E+04
 3.10996E+03	 3.53185E+04
 3.11354E+03	 3.53764E+04
 3.11712E+03	 3.53771E+04
 3.12070E+03	 3.54279E+04
 3.12427E+03	 3.54726E+04
 3.12785E+03	 3.54873E+04
 3.13142E+03	 3.55321E+04
 3.13499E+03	 3.55478E+04
 3.13856E+03	 3.55656E+04
 3.14212E+03	 3.56253E+04
 3.14569E+03	 3.56178E+04
 3.14925E+03	 3.56482E+04
 3.15281E+03	 3.56976E+04
 3.15637E+03	 3.57221E+04
 3.15993E+03	 3.57846E+04
 3.16349E+03	 3.57978E+04
 3.16704E+03	 3.58334E+04
 3.17060E+03	 3.58861E+04
 3.17415E+03	 3.59158E+04
 3.17770E+03	 3.59144E+04
 3.18124E+03	 3.59604E+04
 3.18479E+03	 3.59897E+04
 3.18834E+03	 3.60269E+04
 3.19188E+03	 3.60716E+04
 3.19542E+03	 3.60892E+04
 3.19896E+03	 3.61413E+04
 3.20250E+03	 3.61798E+04
 3.20603E+03	 3.62014E+04
 3.20957E+03	 3.62551E+04
 3.21310E+03	 3.62796E+04
 3.21663E+03	 3.63094E+04
 3.22016E+03	 3.63359E+04
 3.22369E+03	 3.63686E+04
 3.22721E+03	 3.63956E+04
 3.23074E+03	 3.64505E+04
 3.23426E+03	 3.64766E+04
 3.23778E+03	 3.65079E+04
 3.24130E+03	 3.65311E+04
 3.24481E+03	 3.65669E+04
 3.24833E+03	 3.66118E+04
 3.25184E+03	 3.66123E+04
 3.25536E+03	 3.66629E+04
 3.25887E+03	 3.67030E+04
 3.26238E+03	 3.67234E+04
 3.26588E+03	 3.67629E+04
 3.26939E+03	 3.68020E+04
 3.27289E+03	 3.68373E+04
 3.27639E+03	 3.68744E+04
 3.27989E+03	 3.68843E+04
 3.28339E+03	 3.69309E+04
 3.28689E+03	 3.69731E+04
 3.29039E+03	 3.70114E+04
 3.29388E+03	 3.70569E+04
 3.29737E+03	 3.70726E+04
 3.30086E+03	 3.71441E+04
 3.30435E+03	 3.71549E+04
 3.30784E+03	 3.71850E+04
 3.31132E+03	 3.72008E+04
 3.31481E+03	 3.72350E+04
 3.31829E+03	 3.72596E+04
 3.32177E+03	 3.73068E+04
 3.32525E+03	 3.73216E+04
 3.32873E+03	 3.73706E+04
 3.33220E+03	 3.74273E+04
 3.33567E+03	 3.74364E+04
 3.33915E+03	 3.74529E+04
 3.34262E+03	 3.74941E+04
 3.34609E+03	 3.75216E+04
 3.34955E+03	 3.75249E+04
 3.35302E+03	 3.75946E+04
 3.35648E+03	 3.76326E+04
 3.35994E+03	 3.76328E+04
 3.36341E+03	 3.76622E+04
 3.36686E+03	 3.76852E+04
 3.37032E+03	 3.76965E+04
 3.37378E+03	 3.77322E+04
 3.37723E+03	 3.77469E+04
 3.38068E+03	 3.77980E+04
 3.38413E+03	 3.78069E+04
 3.38758E+03	 3.78618E+04
 3.39103E+03	 3.78752E+04
 3.39448E+03	 3.78762E+04
 3.39792E+03	 3.79537E+04
 3.40136E+03	 3.79268E+04
 3.40480E+03	 3.79714E+04
 3.40824E+03	 3.79974E+04
 3.41168E+03	 3.80116E+04
 3.41512E+03	 3.80491E+04
 3.41855E+03	 3.80692E+04
 3.42198E+03	 3.81008E+04
 3.42541E+03	 3.81196E+04
 3.42884E+03	 3.81656E+04
 3.43227E+03	 3.81817E+04
 3.43570E+03	 3.82329E+04
 3.43912E+03	 3.82289E+04
 3.44254E+03	 3.82621E+04
 3.44597E+03	 3.82811E+04
 3.44939E+03	 3.83169E+04
 3.45280E+03	 3.83333E+04
 3.45622E+03	 3.83533E+04
 3.45963E+03	 3.83853E+04
 3.46305E+03	 3.84196E+04
 3.46646E+03	 3.84418E+04
 3.46987E+03	 3.84926E+04
 3.47328E+03	 3.85048E+04
 3.47668E+03	 3.85466E+04
 3.48009E+03	 3.85739E+04
 3.48349E+03	 3.86201E+04
 3.48689E+03	 3.86281E+04
 3.49029E+03	 3.86754E+04
 3.49369E+03	 3.86896E+04
 3.49709E+03	 3.87223E+04
 3.50049E+03	 3.87273E+04
 3.50388E+03	 3.87877E+04
 3.50727E+03	 3.87813E+04
 3.51066E+03	 3.88206E+04
 3.51405E+03	 3.88164E+04
 3.51744E+03	 3.88861E+04
 3.52082E+03	 3.88812E+04
 3.52421E+03	 3.89143E+04
 3.52759E+03	 3.89282E+04
 3.53097E+03	 3.89709E+04
 3.53435E+03	 3.89578E+04
 3.53773E+03	 3.89881E+04
 3.54110E+03	 3.90512E+04
 3.54448E+03	 3.90748E+04
 3.54785E+03	 3.90704E+04
 3.55122E+03	 3.91318E+04
 3.55459E+03	 3.91553E+04
 3.55796E+03	 3.92095E+04
 3.56133E+03	 3.92201E+04
 3.56469E+03	 3.92681E+04
 3.56806E+03	 3.92746E+04
 3.57142E+03	 3.93249E+04
 3.57478E+03	 3.93381E+04
 3.57814E+03	 3.93503E+04
 3.58149E+03	 3.93926E+04
 3.58485E+03	 3.94079E+04
 3.58820E+03	 3.94351E+04
 3.59156E+03	 3.94491E+04
 3.59491E+03	 3.94529E+04
 3.59826E+03	 3.95228E+04
 3.60160E+03	 3.95460E+04
 3.60495E+03	 3.95859E+04
 3.60829E+03	 3.95579E+04
 3.61164E+03	 3.96056E+04
 3.61498E+03	 3.96301E+04
 3.61832E+03	 3.96226E+04
 3.62166E+03	 3.96751E+04
 3.62499E+03	 3.96891E+04
 3.62833E+03	 3.97209E+04
 3.63166E+03	 3.97094E+04
 3.63499E+03	 3.97521E+04
 3.63832E+03	 3.98027E+04
 3.64165E+03	 3.97784E+04
 3.64498E+03	 3.97934E+04
 3.64831E+03	 3.98391E+04
 3.65163E+03	 3.98368E+04
 3.65495E+03	 3.98936E+04
 3.65827E+03	 3.98816E+04
 3.66159E+03	 3.99478E+04
 3.66491E+03	 3.99176E+04
 3.66823E+03	 3.99531E+04
 3.67154E+03	 3.99840E+04
 3.67485E+03	 3.99961E+04
 3.67817E+03	 4.00389E+04
 3.68148E+03	 4.00284E+04
 3.68478E+03	 4.00695E+04
 3.68809E+03	 4.00763E+04
 3.69140E+03	 4.00918E+04
 3.69470E+03	 4.01226E+04
 3.69800E+03	 4.01351E+04
 3.70130E+03	 4.01414E+04
 3.70460E+03	 4.01564E+04
 3.70790E+03	 4.01941E+04
 3.71120E+03	 4.02006E+04
 3.71449E+03	 4.02156E+04
 3.71778E+03	 4.02158E+04
 3.72108E+03	 4.02433E+04
 3.72437E+03	 4.02639E+04
 3.72765E+03	 4.03012E+04
 3.73094E+03	 4.02792E+04
 3.73423E+03	 4.02988E+04
 3.73751E+03	 4.03201E+04
 3.74079E+03	 4.03521E+04
 3.74407E+03	 4.03828E+04
 3.74735E+03	 4.04214E+04
 3.75063E+03	 4.04775E+04
 3.75391E+03	 4.04321E+04
 3.75718E+03	 4.04842E+04
 3.76045E+03	 4.04608E+04
 3.76373E+03	 4.05095E+04
 3.76700E+03	 4.05077E+04
 3.77026E+03	 4.05206E+04
 3.77353E+03	 4.05402E+04
 3.77680E+03	 4.05414E+04
 3.78006E+03	 4.05388E+04
 3.78332E+03	 4.05779E+04
 3.78658E+03	 4.05820E+04
 3.78984E+03	 4.06336E+04
 3.79310E+03	 4.06119E+04
 3.79636E+03	 4.06401E+04
 3.79961E+03	 4.06381E+04
 3.80287E+03	 4.06836E+04
 3.80612E+03	 4.06819E+04
 3.80937E+03	 4.06861E+04
 3.81262E+03	 4.06996E+04
 3.81586E+03	 4.07155E+04
 3.81911E+03	 4.07331E+04
 3.82235E+03	 4.07641E+04
 3.82560E+03	 4.07528E+04
 3.82884E+03	 4.07947E+04
 3.83208E+03	 4.07919E+04
 3.83532E+03	 4.08318E+04
 3.83855E+03	 4.08439E+04
 3.84179E+03	 4.08289E+04
 3.84502E+03	 4.08563E+04
 3.84825E+03	 4.08379E+04
 3.85148E+03	 4.08465E+04
 3.85471E+03	 4.08551E+04
 3.85794E+03	 4.08796E+04
 3.86117E+03	 4.09129E+04
 3.86439E+03	 4.09233E+04
 3.86762E+03	 4.09205E+04
 3.87084E+03	 4.09394E+04
 3.87406E+03	 4.09274E+04
 3.87728E+03	 4.09504E+04
 3.88049E+03	 4.09685E+04
 3.88371E+03	 4.09796E+04
 3.88692E+03	 4.09907E+04
 3.89014E+03	 4.10123E+04
 3.89335E+03	 4.10465E+04
 3.89656E+03	 4.10331E+04
 3.89977E+03	 4.10459E+04
 3.90297E+03	 4.10623E+04
 3.90618E+03	 4.10798E+04
 3.90938E+03	 4.10780E+04
 3.91258E+03	 4.10878E+04
 3.91579E+03	 4.10858E+04
 3.91898E+03	 4.10807E+04
 3.92218E+03	 4.11134E+04
 3.92538E+03	 4.11352E+04
 3.92857E+03	 4.11509E+04
 3.93177E+03	 4.11599E+04
 3.93496E+03	 4.11773E+04
 3.93815E+03	 4.11938E+04
 3.94134E+03	 4.12123E+04
 3.94453E+03	 4.12143E+04
 3.94771E+03	 4.12221E+04
 3.95090E+03	 4.11879E+04
 3.95408E+03	 4.12036E+04
 3.95726E+03	 4.12019E+04
 3.96044E+03	 4.12209E+04
 3.96362E+03	 4.12109E+04
 3.96680E+03	 4.12411E+04
 3.96997E+03	 4.12301E+04
 3.97315E+03	 4.12379E+04
 3.97632E+03	 4.12370E+04
 3.97949E+03	 4.12361E+04
 3.98266E+03	 4.12703E+04
 3.98583E+03	 4.12669E+04
 3.98900E+03	 4.12539E+04
 3.99216E+03	 4.12814E+04
 3.99533E+03	 4.12594E+04
 3.99849E+03	 4.12755E+04
 4.00165E+03	 4.12789E+04
 4.00481E+03	 4.12819E+04
 4.00797E+03	 4.12712E+04
 4.01113E+03	 4.12479E+04
 4.01428E+03	 4.13287E+04
 4.01744E+03	 4.13055E+04
 4.02059E+03	 4.13526E+04
 4.02374E+03	 4.13378E+04
 4.02689E+03	 4.13623E+04
 4.03004E+03	 4.13362E+04
 4.03318E+03	 4.13455E+04
 4.03633E+03	 4.13219E+04
 4.03947E+03	 4.13497E+04
 4.04262E+03	 4.13042E+04
 4.04576E+03	 4.12873E+04
 4.04890E+03	 4.13046E+04
 4.05203E+03	 4.12992E+04
 4.05517E+03	 4.12935E+04
 4.05831E+03	 4.12974E+04
 4.06144E+03	 4.08531E+04
