-1.03034E+02	 2.31625E+03
-9.77694E+01	 2.34250E+03
-9.25079E+01	 2.36610E+03
-8.72494E+01	 2.38450E+03
-8.19938E+01	 2.41385E+03
-7.67412E+01	 2.43265E+03
-7.14916E+01	 2.46355E+03
-6.62450E+01	 2.48820E+03
-6.10013E+01	 2.51045E+03
-5.57605E+01	 2.54015E+03
-5.05228E+01	 2.56195E+03
-4.52879E+01	 2.59040E+03
-4.00561E+01	 2.61635E+03
-3.48271E+01	 2.64050E+03
-2.96012E+01	 2.66345E+03
-2.43781E+01	 2.69205E+03
-1.91580E+01	 2.71815E+03
-1.39409E+01	 2.74810E+03
-8.72666E+00	 2.77950E+03
-3.51538E+00	 2.79925E+03
 1.69298E+00	 2.83020E+03
 6.89840E+00	 2.85700E+03
 1.21009E+01	 2.88520E+03
 1.73005E+01	 2.91200E+03
 2.24971E+01	 2.93930E+03
 2.76908E+01	 2.96600E+03
 3.28816E+01	 2.99700E+03
 3.80695E+01	 3.02975E+03
 4.32545E+01	 3.05575E+03
 4.84366E+01	 3.08395E+03
 5.36157E+01	 3.11705E+03
 5.87920E+01	 3.14320E+03
 6.39653E+01	 3.17340E+03
 6.91358E+01	 3.20585E+03
 7.43033E+01	 3.23295E+03
 7.94680E+01	 3.26280E+03
 8.46297E+01	 3.29705E+03
 8.97886E+01	 3.32675E+03
 9.49446E+01	 3.35465E+03
 1.00098E+02	 3.38580E+03
 1.05248E+02	 3.41385E+03
 1.10395E+02	 3.44840E+03
 1.15540E+02	 3.47000E+03
 1.20681E+02	 3.50475E+03
 1.25820E+02	 3.53900E+03
 1.30956E+02	 3.57440E+03
 1.36089E+02	 3.60340E+03
 1.41219E+02	 3.63335E+03
 1.46346E+02	 3.67220E+03
 1.51470E+02	 3.70075E+03
 1.56592E+02	 3.73610E+03
 1.61710E+02	 3.76610E+03
 1.66826E+02	 3.80375E+03
 1.71939E+02	 3.83925E+03
 1.77049E+02	 3.88190E+03
 1.82156E+02	 3.91110E+03
 1.87260E+02	 3.94100E+03
 1.92362E+02	 3.98490E+03
 1.97461E+02	 4.02650E+03
 2.02556E+02	 4.05375E+03
 2.07649E+02	 4.08200E+03
 2.12739E+02	 4.12980E+03
 2.17827E+02	 4.15905E+03
 2.22911E+02	 4.20085E+03
 2.27993E+02	 4.23900E+03
 2.33072E+02	 4.27140E+03
 2.38148E+02	 4.30255E+03
 2.43221E+02	 4.33705E+03
 2.48291E+02	 4.38425E+03
 2.53359E+02	 4.41970E+03
 2.58423E+02	 4.44975E+03
 2.63485E+02	 4.48790E+03
 2.68544E+02	 4.52605E+03
 2.73600E+02	 4.56305E+03
 2.78654E+02	 4.59415E+03
 2.83704E+02	 4.64210E+03
 2.88752E+02	 4.67195E+03
 2.93797E+02	 4.70885E+03
 2.98840E+02	 4.75500E+03
 3.03879E+02	 4.78660E+03
 3.08916E+02	 4.83110E+03
 3.13949E+02	 4.87905E+03
 3.18980E+02	 4.91445E+03
 3.24009E+02	 4.94870E+03
 3.29034E+02	 4.99420E+03
 3.34057E+02	 5.02660E+03
 3.39077E+02	 5.06980E+03
 3.44094E+02	 5.11265E+03
 3.49108E+02	 5.15230E+03
 3.54120E+02	 5.19095E+03
 3.59129E+02	 5.24075E+03
 3.64135E+02	 5.28285E+03
 3.69138E+02	 5.32235E+03
 3.74138E+02	 5.36215E+03
 3.79136E+02	 5.40535E+03
 3.84131E+02	 5.44915E+03
 3.89123E+02	 5.48935E+03
 3.94113E+02	 5.53095E+03
 3.99099E+02	 5.57285E+03
 4.04083E+02	 5.61505E+03
 4.09064E+02	 5.65590E+03
 4.14043E+02	 5.69855E+03
 4.19019E+02	 5.74620E+03
 4.23991E+02	 5.78755E+03
 4.28962E+02	 5.82835E+03
 4.33929E+02	 5.87405E+03
 4.38894E+02	 5.92845E+03
 4.43856E+02	 5.97415E+03
 4.48815E+02	 6.02235E+03
 4.53771E+02	 6.06035E+03
 4.58725E+02	 6.10380E+03
 4.63676E+02	 6.15115E+03
 4.68625E+02	 6.20195E+03
 4.73570E+02	 6.24505E+03
 4.78513E+02	 6.28600E+03
 4.83453E+02	 6.33585E+03
 4.88391E+02	 6.37955E+03
 4.93325E+02	 6.42850E+03
 4.98257E+02	 6.47385E+03
 5.03187E+02	 6.52350E+03
 5.08113E+02	 6.57015E+03
 5.13037E+02	 6.61965E+03
 5.17958E+02	 6.67070E+03
 5.22877E+02	 6.72330E+03
 5.27792E+02	 6.76005E+03
 5.32706E+02	 6.81480E+03
 5.37616E+02	 6.85355E+03
 5.42524E+02	 6.90225E+03
 5.47429E+02	 6.95845E+03
 5.52331E+02	 7.01210E+03
 5.57230E+02	 7.06195E+03
 5.62127E+02	 7.11255E+03
 5.67022E+02	 7.15930E+03
 5.71913E+02	 7.20555E+03
 5.76802E+02	 7.25860E+03
 5.81688E+02	 7.30840E+03
 5.86572E+02	 7.36480E+03
 5.91452E+02	 7.40860E+03
 5.96331E+02	 7.46355E+03
 6.01206E+02	 7.52440E+03
 6.06079E+02	 7.56990E+03
 6.10949E+02	 7.61520E+03
 6.15817E+02	 7.66735E+03
 6.20681E+02	 7.71010E+03
 6.25544E+02	 7.76710E+03
 6.30403E+02	 7.81965E+03
 6.35260E+02	 7.87995E+03
 6.40114E+02	 7.92940E+03
 6.44966E+02	 7.97430E+03
 6.49815E+02	 8.04365E+03
 6.54661E+02	 8.09320E+03
 6.59505E+02	 8.13740E+03
 6.64346E+02	 8.20080E+03
 6.69184E+02	 8.25495E+03
 6.74020E+02	 8.29205E+03
 6.78853E+02	 8.35150E+03
 6.83683E+02	 8.42230E+03
 6.88511E+02	 8.45485E+03
 6.93336E+02	 8.51550E+03
 6.98159E+02	 8.57895E+03
 7.02978E+02	 8.62750E+03
 7.07796E+02	 8.68435E+03
 7.12610E+02	 8.74435E+03
 7.17422E+02	 8.79465E+03
 7.22232E+02	 8.85205E+03
 7.27039E+02	 8.90905E+03
 7.31843E+02	 8.98000E+03
 7.36644E+02	 9.02445E+03
 7.41443E+02	 9.07375E+03
 7.46240E+02	 9.13750E+03
 7.51033E+02	 9.20920E+03
 7.55825E+02	 9.24865E+03
 7.60613E+02	 9.30265E+03
 7.65399E+02	 9.37610E+03
 7.70182E+02	 9.43435E+03
 7.74963E+02	 9.49830E+03
 7.79741E+02	 9.54645E+03
 7.84517E+02	 9.61425E+03
 7.89290E+02	 9.65780E+03
 7.94060E+02	 9.72910E+03
 7.98828E+02	 9.79235E+03
 8.03593E+02	 9.84980E+03
 8.08356E+02	 9.90905E+03
 8.13116E+02	 9.97920E+03
 8.17873E+02	 1.00380E+04
 8.22628E+02	 1.00873E+04
 8.27380E+02	 1.01555E+04
 8.32130E+02	 1.02163E+04
 8.36877E+02	 1.02862E+04
 8.41622E+02	 1.03460E+04
 8.46364E+02	 1.04015E+04
 8.51103E+02	 1.04656E+04
 8.55840E+02	 1.05323E+04
 8.60575E+02	 1.06015E+04
 8.65306E+02	 1.06577E+04
 8.70036E+02	 1.07195E+04
 8.74762E+02	 1.07888E+04
 8.79486E+02	 1.08491E+04
 8.84208E+02	 1.09130E+04
 8.88927E+02	 1.09860E+04
 8.93644E+02	 1.10371E+04
 8.98357E+02	 1.11093E+04
 9.03069E+02	 1.11773E+04
 9.07778E+02	 1.12392E+04
 9.12484E+02	 1.13015E+04
 9.17188E+02	 1.13685E+04
 9.21889E+02	 1.14383E+04
 9.26588E+02	 1.14940E+04
 9.31284E+02	 1.15648E+04
 9.35977E+02	 1.16439E+04
 9.40669E+02	 1.16999E+04
 9.45357E+02	 1.17742E+04
 9.50043E+02	 1.18463E+04
 9.54727E+02	 1.19045E+04
 9.59408E+02	 1.19742E+04
 9.64086E+02	 1.20310E+04
 9.68762E+02	 1.21112E+04
 9.73436E+02	 1.21800E+04
 9.78107E+02	 1.22330E+04
 9.82775E+02	 1.23172E+04
 9.87441E+02	 1.23877E+04
 9.92104E+02	 1.24545E+04
 9.96765E+02	 1.25292E+04
 1.00142E+03	 1.25900E+04
 1.00608E+03	 1.26815E+04
 1.01073E+03	 1.27425E+04
 1.01538E+03	 1.28092E+04
 1.02003E+03	 1.28647E+04
 1.02468E+03	 1.29533E+04
 1.02932E+03	 1.30148E+04
 1.03396E+03	 1.30836E+04
 1.03860E+03	 1.31610E+04
 1.04324E+03	 1.32492E+04
 1.04787E+03	 1.33228E+04
 1.05250E+03	 1.33815E+04
 1.05713E+03	 1.34538E+04
 1.06176E+03	 1.35363E+04
 1.06638E+03	 1.36107E+04
 1.07100E+03	 1.36831E+04
 1.07562E+03	 1.37520E+04
 1.08024E+03	 1.38206E+04
 1.08485E+03	 1.38853E+04
 1.08946E+03	 1.39663E+04
 1.09407E+03	 1.40308E+04
 1.09868E+03	 1.40993E+04
 1.10328E+03	 1.41822E+04
 1.10788E+03	 1.42475E+04
 1.11248E+03	 1.43458E+04
 1.11708E+03	 1.44104E+04
 1.12167E+03	 1.44765E+04
 1.12626E+03	 1.45503E+04
 1.13085E+03	 1.46277E+04
 1.13544E+03	 1.46845E+04
 1.14002E+03	 1.47625E+04
 1.14460E+03	 1.48427E+04
 1.14918E+03	 1.49185E+04
 1.15376E+03	 1.50083E+04
 1.15833E+03	 1.50678E+04
 1.16291E+03	 1.51432E+04
 1.16748E+03	 1.52115E+04
 1.17204E+03	 1.52868E+04
 1.17661E+03	 1.53840E+04
 1.18117E+03	 1.54470E+04
 1.18573E+03	 1.55188E+04
 1.19029E+03	 1.55958E+04
 1.19484E+03	 1.56695E+04
 1.19939E+03	 1.57580E+04
 1.20394E+03	 1.58313E+04
 1.20849E+03	 1.59067E+04
 1.21304E+03	 1.59793E+04
 1.21758E+03	 1.60737E+04
 1.22212E+03	 1.61410E+04
 1.22666E+03	 1.62490E+04
 1.23119E+03	 1.63053E+04
 1.23573E+03	 1.63878E+04
 1.24026E+03	 1.64773E+04
 1.24479E+03	 1.65533E+04
 1.24931E+03	 1.66476E+04
 1.25384E+03	 1.67091E+04
 1.25836E+03	 1.68059E+04
 1.26288E+03	 1.68576E+04
 1.26739E+03	 1.69346E+04
 1.27191E+03	 1.70151E+04
 1.27642E+03	 1.71143E+04
 1.28093E+03	 1.71658E+04
 1.28543E+03	 1.72391E+04
 1.28994E+03	 1.73089E+04
 1.29444E+03	 1.73801E+04
 1.29894E+03	 1.74424E+04
 1.30344E+03	 1.74888E+04
 1.30793E+03	 1.75463E+04
 1.31243E+03	 1.76347E+04
 1.31692E+03	 1.77084E+04
 1.32140E+03	 1.78012E+04
 1.32589E+03	 1.78482E+04
 1.33037E+03	 1.78979E+04
 1.33485E+03	 1.79717E+04
 1.33933E+03	 1.80430E+04
 1.34381E+03	 1.80932E+04
 1.34828E+03	 1.81724E+04
 1.35275E+03	 1.82372E+04
 1.35722E+03	 1.82863E+04
 1.36169E+03	 1.83607E+04
 1.36615E+03	 1.84333E+04
 1.37061E+03	 1.84848E+04
 1.37507E+03	 1.85588E+04
 1.37953E+03	 1.86016E+04
 1.38398E+03	 1.86627E+04
 1.38844E+03	 1.87237E+04
 1.39289E+03	 1.87886E+04
 1.39733E+03	 1.88374E+04
 1.40178E+03	 1.89113E+04
 1.40622E+03	 1.89490E+04
 1.41066E+03	 1.90193E+04
 1.41510E+03	 1.90743E+04
 1.41954E+03	 1.91144E+04
 1.42397E+03	 1.91938E+04
 1.42840E+03	 1.92343E+04
 1.43283E+03	 1.92994E+04
 1.43726E+03	 1.93629E+04
 1.44168E+03	 1.94221E+04
 1.44610E+03	 1.94828E+04
 1.45052E+03	 1.95462E+04
 1.45494E+03	 1.95969E+04
 1.45936E+03	 1.96553E+04
 1.46377E+03	 1.97154E+04
 1.46818E+03	 1.97819E+04
 1.47259E+03	 1.98228E+04
 1.47699E+03	 1.98909E+04
 1.48140E+03	 1.99517E+04
 1.48580E+03	 2.00151E+04
 1.49020E+03	 2.00552E+04
 1.49459E+03	 2.01352E+04
 1.49899E+03	 2.01867E+04
 1.50338E+03	 2.02419E+04
 1.50777E+03	 2.02919E+04
 1.51216E+03	 2.03357E+04
 1.51654E+03	 2.04076E+04
 1.52092E+03	 2.04621E+04
 1.52530E+03	 2.05222E+04
 1.52968E+03	 2.05842E+04
 1.53406E+03	 2.06113E+04
 1.53843E+03	 2.06833E+04
 1.54280E+03	 2.07316E+04
 1.54717E+03	 2.07743E+04
 1.55154E+03	 2.08324E+04
 1.55590E+03	 2.08984E+04
 1.56027E+03	 2.09501E+04
 1.56463E+03	 2.09913E+04
 1.56898E+03	 2.10733E+04
 1.57334E+03	 2.11222E+04
 1.57769E+03	 2.11679E+04
 1.58204E+03	 2.12146E+04
 1.58639E+03	 2.13094E+04
 1.59074E+03	 2.13236E+04
 1.59508E+03	 2.14082E+04
 1.59942E+03	 2.14319E+04
 1.60376E+03	 2.15183E+04
 1.60810E+03	 2.15457E+04
 1.61243E+03	 2.16042E+04
 1.61677E+03	 2.16562E+04
 1.62110E+03	 2.17057E+04
 1.62542E+03	 2.17559E+04
 1.62975E+03	 2.18143E+04
 1.63407E+03	 2.18837E+04
 1.63840E+03	 2.19297E+04
 1.64271E+03	 2.19638E+04
 1.64703E+03	 2.20265E+04
 1.65135E+03	 2.20653E+04
 1.65566E+03	 2.21273E+04
 1.65997E+03	 2.21851E+04
 1.66428E+03	 2.22304E+04
 1.66858E+03	 2.22973E+04
 1.67289E+03	 2.23306E+04
 1.67719E+03	 2.23848E+04
 1.68149E+03	 2.24421E+04
 1.68578E+03	 2.24832E+04
 1.69008E+03	 2.25327E+04
 1.69437E+03	 2.25808E+04
 1.69866E+03	 2.26407E+04
 1.70295E+03	 2.26889E+04
 1.70723E+03	 2.27348E+04
 1.71152E+03	 2.27961E+04
 1.71580E+03	 2.28240E+04
 1.72008E+03	 2.28909E+04
 1.72435E+03	 2.29481E+04
 1.72863E+03	 2.29798E+04
 1.73290E+03	 2.30654E+04
 1.73717E+03	 2.30862E+04
 1.74144E+03	 2.31488E+04
 1.74570E+03	 2.31905E+04
 1.74997E+03	 2.32571E+04
 1.75423E+03	 2.32803E+04
 1.75849E+03	 2.33555E+04
 1.76274E+03	 2.33913E+04
 1.76700E+03	 2.34327E+04
 1.77125E+03	 2.35056E+04
 1.77550E+03	 2.35499E+04
 1.77975E+03	 2.35824E+04
 1.78399E+03	 2.36313E+04
 1.78824E+03	 2.36816E+04
 1.79248E+03	 2.36947E+04
 1.79672E+03	 2.37596E+04
 1.80095E+03	 2.37907E+04
 1.80519E+03	 2.38561E+04
 1.80942E+03	 2.38922E+04
 1.81365E+03	 2.39358E+04
 1.81788E+03	 2.39823E+04
 1.82211E+03	 2.40591E+04
 1.82633E+03	 2.40978E+04
 1.83055E+03	 2.41540E+04
 1.83477E+03	 2.41707E+04
 1.83899E+03	 2.42390E+04
 1.84320E+03	 2.42868E+04
 1.84742E+03	 2.43367E+04
 1.85163E+03	 2.43657E+04
 1.85584E+03	 2.44042E+04
 1.86004E+03	 2.44522E+04
 1.86425E+03	 2.45139E+04
 1.86845E+03	 2.45453E+04
 1.87265E+03	 2.45805E+04
 1.87685E+03	 2.45974E+04
 1.88104E+03	 2.46495E+04
 1.88524E+03	 2.46692E+04
 1.88943E+03	 2.47194E+04
 1.89362E+03	 2.47561E+04
 1.89780E+03	 2.47924E+04
 1.90199E+03	 2.48389E+04
 1.90617E+03	 2.48737E+04
 1.91035E+03	 2.48899E+04
 1.91453E+03	 2.49584E+04
 1.91871E+03	 2.49926E+04
 1.92288E+03	 2.50359E+04
 1.92705E+03	 2.50859E+04
 1.93122E+03	 2.51373E+04
 1.93539E+03	 2.51753E+04
 1.93956E+03	 2.51940E+04
 1.94372E+03	 2.52401E+04
 1.94788E+03	 2.53016E+04
 1.95204E+03	 2.53284E+04
 1.95620E+03	 2.53346E+04
 1.96035E+03	 2.54273E+04
 1.96451E+03	 2.54583E+04
 1.96866E+03	 2.54869E+04
 1.97280E+03	 2.54899E+04
 1.97695E+03	 2.55603E+04
 1.98110E+03	 2.55725E+04
 1.98524E+03	 2.56198E+04
 1.98938E+03	 2.56489E+04
 1.99352E+03	 2.56822E+04
 1.99765E+03	 2.57192E+04
 2.00179E+03	 2.57638E+04
 2.00592E+03	 2.57837E+04
 2.01005E+03	 2.58188E+04
 2.01417E+03	 2.58562E+04
 2.01830E+03	 2.58939E+04
 2.02242E+03	 2.59471E+04
 2.02654E+03	 2.59828E+04
 2.03066E+03	 2.60072E+04
 2.03478E+03	 2.60482E+04
 2.03889E+03	 2.60742E+04
 2.04301E+03	 2.61183E+04
 2.04712E+03	 2.61556E+04
 2.05123E+03	 2.61814E+04
 2.05533E+03	 2.62084E+04
 2.05944E+03	 2.62753E+04
 2.06354E+03	 2.63061E+04
 2.06764E+03	 2.63267E+04
 2.07174E+03	 2.63642E+04
 2.07583E+03	 2.63827E+04
 2.07993E+03	 2.64438E+04
 2.08402E+03	 2.64649E+04
 2.08811E+03	 2.64907E+04
 2.09219E+03	 2.65197E+04
 2.09628E+03	 2.65549E+04
 2.10036E+03	 2.65751E+04
 2.10444E+03	 2.66428E+04
 2.10852E+03	 2.66732E+04
 2.11260E+03	 2.66922E+04
 2.11668E+03	 2.67418E+04
 2.12075E+03	 2.67673E+04
 2.12482E+03	 2.68167E+04
 2.12889E+03	 2.68768E+04
 2.13296E+03	 2.68980E+04
 2.13702E+03	 2.69458E+04
 2.14108E+03	 2.69766E+04
 2.14514E+03	 2.70101E+04
 2.14920E+03	 2.70649E+04
 2.15326E+03	 2.70948E+04
 2.15731E+03	 2.71306E+04
 2.16137E+03	 2.71786E+04
 2.16542E+03	 2.72191E+04
 2.16946E+03	 2.72223E+04
 2.17351E+03	 2.72718E+04
 2.17755E+03	 2.73151E+04
 2.18160E+03	 2.73442E+04
 2.18564E+03	 2.73833E+04
 2.18967E+03	 2.74238E+04
 2.19371E+03	 2.74498E+04
 2.19774E+03	 2.74714E+04
 2.20178E+03	 2.75023E+04
 2.20581E+03	 2.75629E+04
 2.20983E+03	 2.75808E+04
 2.21386E+03	 2.76202E+04
 2.21788E+03	 2.76675E+04
 2.22190E+03	 2.76946E+04
 2.22592E+03	 2.77267E+04
 2.22994E+03	 2.77591E+04
 2.23396E+03	 2.77989E+04
 2.23797E+03	 2.78428E+04
 2.24198E+03	 2.78441E+04
 2.24599E+03	 2.78870E+04
 2.25000E+03	 2.79379E+04
 2.25401E+03	 2.79886E+04
 2.25801E+03	 2.79993E+04
 2.26201E+03	 2.80417E+04
 2.26601E+03	 2.80666E+04
 2.27001E+03	 2.81127E+04
 2.27400E+03	 2.81368E+04
 2.27800E+03	 2.81857E+04
 2.28199E+03	 2.82212E+04
 2.28598E+03	 2.82344E+04
 2.28996E+03	 2.82778E+04
 2.29395E+03	 2.83062E+04
 2.29793E+03	 2.83262E+04
 2.30191E+03	 2.83669E+04
 2.30589E+03	 2.83867E+04
 2.30987E+03	 2.84377E+04
 2.31384E+03	 2.84557E+04
 2.31782E+03	 2.84942E+04
 2.32179E+03	 2.85149E+04
 2.32576E+03	 2.85558E+04
 2.32973E+03	 2.86053E+04
 2.33369E+03	 2.86134E+04
 2.33765E+03	 2.86658E+04
 2.34162E+03	 2.86698E+04
 2.34557E+03	 2.87326E+04
 2.34953E+03	 2.87496E+04
 2.35349E+03	 2.87806E+04
 2.35744E+03	 2.88367E+04
 2.36139E+03	 2.88668E+04
 2.36534E+03	 2.88880E+04
 2.36929E+03	 2.89209E+04
 2.37323E+03	 2.89693E+04
 2.37718E+03	 2.89791E+04
 2.38112E+03	 2.89993E+04
 2.38506E+03	 2.90275E+04
 2.38900E+03	 2.90609E+04
 2.39293E+03	 2.91206E+04
 2.39686E+03	 2.91417E+04
 2.40080E+03	 2.91492E+04
 2.40473E+03	 2.91731E+04
 2.40865E+03	 2.92192E+04
 2.41258E+03	 2.92508E+04
 2.41650E+03	 2.92728E+04
 2.42042E+03	 2.93085E+04
 2.42434E+03	 2.93429E+04
 2.42826E+03	 2.93788E+04
 2.43218E+03	 2.94075E+04
 2.43609E+03	 2.94338E+04
 2.44000E+03	 2.94722E+04
 2.44391E+03	 2.94992E+04
 2.44782E+03	 2.95308E+04
 2.45173E+03	 2.95449E+04
 2.45563E+03	 2.96019E+04
 2.45953E+03	 2.96193E+04
 2.46343E+03	 2.96558E+04
 2.46733E+03	 2.97106E+04
 2.47123E+03	 2.97243E+04
 2.47512E+03	 2.97667E+04
 2.47902E+03	 2.97902E+04
 2.48291E+03	 2.98084E+04
 2.48679E+03	 2.98263E+04
 2.49068E+03	 2.98679E+04
 2.49457E+03	 2.98940E+04
 2.49845E+03	 2.99318E+04
 2.50233E+03	 2.99584E+04
 2.50621E+03	 3.00097E+04
 2.51008E+03	 3.00206E+04
 2.51396E+03	 3.00438E+04
 2.51783E+03	 3.00686E+04
 2.52170E+03	 3.01148E+04
 2.52557E+03	 3.01468E+04
 2.52944E+03	 3.01789E+04
 2.53331E+03	 3.02014E+04
 2.53717E+03	 3.02716E+04
 2.54103E+03	 3.02707E+04
 2.54489E+03	 3.02938E+04
 2.54875E+03	 3.03298E+04
 2.55260E+03	 3.03807E+04
 2.55646E+03	 3.03986E+04
 2.56031E+03	 3.04156E+04
 2.56416E+03	 3.04453E+04
 2.56801E+03	 3.04822E+04
 2.57185E+03	 3.05116E+04
 2.57570E+03	 3.05463E+04
 2.57954E+03	 3.05529E+04
 2.58338E+03	 3.05961E+04
 2.58722E+03	 3.06371E+04
 2.59105E+03	 3.06535E+04
 2.59489E+03	 3.06879E+04
 2.59872E+03	 3.06908E+04
 2.60255E+03	 3.07324E+04
 2.60638E+03	 3.07746E+04
 2.61021E+03	 3.08053E+04
 2.61403E+03	 3.08517E+04
 2.61786E+03	 3.08654E+04
 2.62168E+03	 3.08907E+04
 2.62550E+03	 3.09118E+04
 2.62932E+03	 3.09292E+04
 2.63313E+03	 3.09646E+04
 2.63695E+03	 3.10228E+04
 2.64076E+03	 3.10349E+04
 2.64457E+03	 3.10702E+04
 2.64838E+03	 3.10805E+04
 2.65218E+03	 3.11300E+04
 2.65599E+03	 3.11531E+04
 2.65979E+03	 3.12101E+04
 2.66359E+03	 3.12223E+04
 2.66739E+03	 3.12647E+04
 2.67118E+03	 3.12993E+04
 2.67498E+03	 3.13470E+04
 2.67877E+03	 3.13720E+04
 2.68256E+03	 3.14088E+04
 2.68635E+03	 3.14268E+04
 2.69014E+03	 3.14256E+04
 2.69393E+03	 3.14778E+04
 2.69771E+03	 3.14869E+04
 2.70149E+03	 3.15314E+04
 2.70527E+03	 3.15284E+04
 2.70905E+03	 3.15932E+04
 2.71283E+03	 3.15928E+04
 2.71660E+03	 3.16378E+04
 2.72037E+03	 3.16673E+04
 2.72414E+03	 3.17068E+04
 2.72791E+03	 3.17311E+04
 2.73168E+03	 3.17773E+04
 2.73544E+03	 3.17893E+04
 2.73921E+03	 3.18582E+04
 2.74297E+03	 3.18828E+04
 2.74673E+03	 3.19103E+04
 2.75049E+03	 3.19364E+04
 2.75424E+03	 3.19773E+04
 2.75800E+03	 3.20219E+04
 2.76175E+03	 3.20481E+04
 2.76550E+03	 3.20748E+04
 2.76925E+03	 3.21326E+04
 2.77299E+03	 3.21338E+04
 2.77674E+03	 3.21814E+04
 2.78048E+03	 3.22053E+04
 2.78422E+03	 3.22407E+04
 2.78796E+03	 3.22672E+04
 2.79170E+03	 3.23161E+04
 2.79544E+03	 3.23523E+04
 2.79917E+03	 3.23698E+04
 2.80290E+03	 3.23931E+04
 2.80663E+03	 3.24321E+04
 2.81036E+03	 3.24664E+04
 2.81409E+03	 3.25216E+04
 2.81781E+03	 3.25183E+04
 2.82153E+03	 3.25846E+04
 2.82525E+03	 3.26013E+04
 2.82897E+03	 3.26397E+04
 2.83269E+03	 3.26868E+04
 2.83641E+03	 3.27022E+04
 2.84012E+03	 3.27350E+04
 2.84383E+03	 3.27629E+04
 2.84754E+03	 3.28083E+04
 2.85125E+03	 3.28317E+04
 2.85496E+03	 3.28892E+04
 2.85866E+03	 3.29162E+04
 2.86236E+03	 3.29409E+04
 2.86606E+03	 3.29658E+04
 2.86976E+03	 3.29910E+04
 2.87346E+03	 3.30364E+04
 2.87716E+03	 3.30667E+04
 2.88085E+03	 3.31019E+04
 2.88454E+03	 3.31591E+04
 2.88823E+03	 3.31664E+04
 2.89192E+03	 3.32104E+04
 2.89561E+03	 3.32523E+04
 2.89929E+03	 3.32643E+04
 2.90297E+03	 3.33058E+04
 2.90666E+03	 3.33379E+04
 2.91033E+03	 3.33919E+04
 2.91401E+03	 3.34176E+04
 2.91769E+03	 3.34309E+04
 2.92136E+03	 3.34708E+04
 2.92503E+03	 3.34905E+04
 2.92870E+03	 3.35403E+04
 2.93237E+03	 3.35716E+04
 2.93604E+03	 3.36025E+04
 2.93970E+03	 3.36196E+04
 2.94337E+03	 3.36793E+04
 2.94703E+03	 3.36943E+04
 2.95069E+03	 3.37414E+04
 2.95435E+03	 3.37716E+04
 2.95800E+03	 3.38271E+04
 2.96166E+03	 3.38249E+04
 2.96531E+03	 3.38773E+04
 2.96896E+03	 3.39056E+04
 2.97261E+03	 3.39635E+04
 2.97626E+03	 3.40065E+04
 2.97990E+03	 3.40424E+04
 2.98354E+03	 3.40645E+04
 2.98719E+03	 3.40946E+04
 2.99083E+03	 3.41225E+04
 2.99446E+03	 3.41886E+04
 2.99810E+03	 3.42201E+04
 3.00174E+03	 3.42681E+04
 3.00537E+03	 3.42937E+04
 3.00900E+03	 3.43296E+04
 3.01263E+03	 3.43475E+04
 3.01626E+03	 3.43626E+04
 3.01988E+03	 3.44066E+04
 3.02351E+03	 3.44501E+04
 3.02713E+03	 3.44886E+04
 3.03075E+03	 3.44999E+04
 3.03437E+03	 3.45333E+04
 3.03799E+03	 3.45529E+04
 3.04160E+03	 3.46206E+04
 3.04521E+03	 3.46461E+04
 3.04883E+03	 3.46631E+04
 3.05244E+03	 3.46943E+04
 3.05605E+03	 3.47284E+04
 3.05965E+03	 3.47554E+04
 3.06326E+03	 3.47646E+04
 3.06686E+03	 3.48274E+04
 3.07046E+03	 3.48304E+04
 3.07406E+03	 3.48628E+04
 3.07766E+03	 3.49231E+04
 3.08125E+03	 3.49441E+04
 3.08485E+03	 3.49866E+04
 3.08844E+03	 3.50429E+04
 3.09203E+03	 3.50564E+04
 3.09562E+03	 3.50912E+04
 3.09921E+03	 3.51154E+04
 3.10280E+03	 3.51434E+04
 3.10638E+03	 3.51651E+04
 3.10996E+03	 3.52195E+04
 3.11354E+03	 3.52836E+04
 3.11712E+03	 3.52838E+04
 3.12070E+03	 3.53033E+04
 3.12427E+03	 3.53579E+04
 3.12785E+03	 3.53904E+04
 3.13142E+03	 3.54088E+04
 3.13499E+03	 3.54508E+04
 3.13856E+03	 3.54689E+04
 3.14212E+03	 3.55074E+04
 3.14569E+03	 3.55366E+04
 3.14925E+03	 3.55536E+04
 3.15281E+03	 3.55926E+04
 3.15637E+03	 3.56219E+04
 3.15993E+03	 3.56783E+04
 3.16349E+03	 3.56961E+04
 3.16704E+03	 3.57201E+04
 3.17060E+03	 3.57429E+04
 3.17415E+03	 3.57935E+04
 3.17770E+03	 3.57996E+04
 3.18124E+03	 3.58444E+04
 3.18479E+03	 3.58906E+04
 3.18834E+03	 3.59166E+04
 3.19188E+03	 3.59661E+04
 3.19542E+03	 3.59917E+04
 3.19896E+03	 3.60298E+04
 3.20250E+03	 3.60866E+04
 3.20603E+03	 3.60897E+04
 3.20957E+03	 3.61482E+04
 3.21310E+03	 3.61557E+04
 3.21663E+03	 3.62078E+04
 3.22016E+03	 3.62504E+04
 3.22369E+03	 3.62628E+04
 3.22721E+03	 3.63024E+04
 3.23074E+03	 3.63139E+04
 3.23426E+03	 3.63571E+04
 3.23778E+03	 3.63802E+04
 3.24130E+03	 3.64451E+04
 3.24481E+03	 3.64679E+04
 3.24833E+03	 3.64702E+04
 3.25184E+03	 3.65196E+04
 3.25536E+03	 3.65265E+04
 3.25887E+03	 3.65829E+04
 3.26238E+03	 3.66279E+04
 3.26588E+03	 3.66599E+04
 3.26939E+03	 3.67026E+04
 3.27289E+03	 3.67138E+04
 3.27639E+03	 3.67756E+04
 3.27989E+03	 3.67856E+04
 3.28339E+03	 3.68349E+04
 3.28689E+03	 3.68659E+04
 3.29039E+03	 3.69124E+04
 3.29388E+03	 3.69450E+04
 3.29737E+03	 3.69356E+04
 3.30086E+03	 3.70106E+04
 3.30435E+03	 3.70439E+04
 3.30784E+03	 3.70643E+04
 3.31132E+03	 3.70893E+04
 3.31481E+03	 3.71584E+04
 3.31829E+03	 3.71523E+04
 3.32177E+03	 3.72041E+04
 3.32525E+03	 3.72459E+04
 3.32873E+03	 3.72566E+04
 3.33220E+03	 3.73026E+04
 3.33567E+03	 3.73136E+04
 3.33915E+03	 3.73344E+04
 3.34262E+03	 3.73606E+04
 3.34609E+03	 3.74034E+04
 3.34955E+03	 3.74168E+04
 3.35302E+03	 3.74549E+04
 3.35648E+03	 3.74929E+04
 3.35994E+03	 3.74911E+04
 3.36341E+03	 3.75212E+04
 3.36686E+03	 3.75655E+04
 3.37032E+03	 3.75931E+04
 3.37378E+03	 3.76386E+04
 3.37723E+03	 3.76713E+04
 3.38068E+03	 3.76723E+04
 3.38413E+03	 3.77058E+04
 3.38758E+03	 3.77390E+04
 3.39103E+03	 3.77587E+04
 3.39448E+03	 3.77614E+04
 3.39792E+03	 3.78056E+04
 3.40136E+03	 3.78138E+04
 3.40480E+03	 3.78489E+04
 3.40824E+03	 3.78669E+04
 3.41168E+03	 3.78963E+04
 3.41512E+03	 3.79438E+04
 3.41855E+03	 3.79448E+04
 3.42198E+03	 3.79845E+04
 3.42541E+03	 3.79973E+04
 3.42884E+03	 3.80263E+04
 3.43227E+03	 3.80778E+04
 3.43570E+03	 3.80921E+04
 3.43912E+03	 3.81135E+04
 3.44254E+03	 3.81559E+04
 3.44597E+03	 3.81422E+04
 3.44939E+03	 3.81824E+04
 3.45280E+03	 3.82116E+04
 3.45622E+03	 3.82421E+04
 3.45963E+03	 3.82688E+04
 3.46305E+03	 3.83033E+04
 3.46646E+03	 3.83214E+04
 3.46987E+03	 3.83506E+04
 3.47328E+03	 3.83930E+04
 3.47668E+03	 3.84144E+04
 3.48009E+03	 3.84499E+04
 3.48349E+03	 3.84916E+04
 3.48689E+03	 3.85061E+04
 3.49029E+03	 3.85268E+04
 3.49369E+03	 3.85770E+04
 3.49709E+03	 3.85939E+04
 3.50049E+03	 3.86108E+04
 3.50388E+03	 3.86491E+04
 3.50727E+03	 3.86679E+04
 3.51066E+03	 3.86799E+04
 3.51405E+03	 3.87198E+04
 3.51744E+03	 3.87381E+04
 3.52082E+03	 3.87501E+04
 3.52421E+03	 3.88203E+04
 3.52759E+03	 3.87866E+04
 3.53097E+03	 3.88298E+04
 3.53435E+03	 3.88774E+04
 3.53773E+03	 3.88526E+04
 3.54110E+03	 3.89189E+04
 3.54448E+03	 3.89556E+04
 3.54785E+03	 3.89620E+04
 3.55122E+03	 3.90000E+04
 3.55459E+03	 3.90310E+04
 3.55796E+03	 3.91026E+04
 3.56133E+03	 3.91024E+04
 3.56469E+03	 3.91452E+04
 3.56806E+03	 3.91711E+04
 3.57142E+03	 3.91803E+04
 3.57478E+03	 3.92113E+04
 3.57814E+03	 3.92341E+04
 3.58149E+03	 3.92491E+04
 3.58485E+03	 3.92573E+04
 3.58820E+03	 3.92959E+04
 3.59156E+03	 3.93273E+04
 3.59491E+03	 3.93263E+04
 3.59826E+03	 3.93967E+04
 3.60160E+03	 3.94161E+04
 3.60495E+03	 3.94303E+04
 3.60829E+03	 3.94384E+04
 3.61164E+03	 3.94814E+04
 3.61498E+03	 3.95211E+04
 3.61832E+03	 3.95089E+04
 3.62166E+03	 3.95446E+04
 3.62499E+03	 3.95726E+04
 3.62833E+03	 3.95868E+04
 3.63166E+03	 3.95876E+04
 3.63499E+03	 3.96229E+04
 3.63832E+03	 3.96518E+04
 3.64165E+03	 3.96631E+04
 3.64498E+03	 3.96516E+04
 3.64831E+03	 3.97031E+04
 3.65163E+03	 3.97196E+04
 3.65495E+03	 3.97575E+04
 3.65827E+03	 3.97464E+04
 3.66159E+03	 3.97707E+04
 3.66491E+03	 3.97946E+04
 3.66823E+03	 3.98220E+04
 3.67154E+03	 3.98384E+04
 3.67485E+03	 3.98566E+04
 3.67817E+03	 3.98884E+04
 3.68148E+03	 3.99004E+04
 3.68478E+03	 3.99549E+04
 3.68809E+03	 3.99413E+04
 3.69140E+03	 3.99479E+04
 3.69470E+03	 3.99695E+04
 3.69800E+03	 3.99943E+04
 3.70130E+03	 3.99845E+04
 3.70460E+03	 3.99796E+04
 3.70790E+03	 4.00698E+04
 3.71120E+03	 4.00718E+04
 3.71449E+03	 4.00533E+04
 3.71778E+03	 4.00644E+04
 3.72108E+03	 4.01091E+04
 3.72437E+03	 4.01425E+04
 3.72765E+03	 4.01462E+04
 3.73094E+03	 4.01346E+04
 3.73423E+03	 4.01598E+04
 3.73751E+03	 4.01828E+04
 3.74079E+03	 4.01990E+04
 3.74407E+03	 4.02296E+04
 3.74735E+03	 4.02716E+04
 3.75063E+03	 4.03012E+04
 3.75391E+03	 4.02846E+04
 3.75718E+03	 4.03155E+04
 3.76045E+03	 4.03448E+04
 3.76373E+03	 4.03803E+04
 3.76700E+03	 4.03634E+04
 3.77026E+03	 4.03854E+04
 3.77353E+03	 4.03953E+04
 3.77680E+03	 4.03989E+04
 3.78006E+03	 4.04236E+04
 3.78332E+03	 4.04276E+04
 3.78658E+03	 4.04340E+04
 3.78984E+03	 4.04431E+04
 3.79310E+03	 4.04669E+04
 3.79636E+03	 4.04688E+04
 3.79961E+03	 4.04869E+04
 3.80287E+03	 4.05196E+04
 3.80612E+03	 4.05326E+04
 3.80937E+03	 4.05204E+04
 3.81262E+03	 4.05432E+04
 3.81586E+03	 4.05603E+04
 3.81911E+03	 4.05799E+04
 3.82235E+03	 4.06079E+04
 3.82560E+03	 4.06124E+04
 3.82884E+03	 4.06518E+04
 3.83208E+03	 4.06658E+04
 3.83532E+03	 4.06684E+04
 3.83855E+03	 4.06815E+04
 3.84179E+03	 4.06981E+04
 3.84502E+03	 4.06810E+04
 3.84825E+03	 4.06934E+04
 3.85148E+03	 4.06926E+04
 3.85471E+03	 4.06716E+04
 3.85794E+03	 4.07301E+04
 3.86117E+03	 4.07558E+04
 3.86439E+03	 4.07478E+04
 3.86762E+03	 4.07639E+04
 3.87084E+03	 4.07718E+04
 3.87406E+03	 4.07613E+04
 3.87728E+03	 4.07972E+04
 3.88049E+03	 4.07804E+04
 3.88371E+03	 4.08229E+04
 3.88692E+03	 4.08323E+04
 3.89014E+03	 4.08529E+04
 3.89335E+03	 4.08572E+04
 3.89656E+03	 4.08631E+04
 3.89977E+03	 4.08684E+04
 3.90297E+03	 4.08847E+04
 3.90618E+03	 4.09274E+04
 3.90938E+03	 4.09186E+04
 3.91258E+03	 4.09299E+04
 3.91579E+03	 4.09334E+04
 3.91898E+03	 4.09234E+04
 3.92218E+03	 4.09458E+04
 3.92538E+03	 4.09768E+04
 3.92857E+03	 4.09791E+04
 3.93177E+03	 4.09932E+04
 3.93496E+03	 4.10303E+04
 3.93815E+03	 4.10355E+04
 3.94134E+03	 4.10336E+04
 3.94453E+03	 4.10606E+04
 3.94771E+03	 4.10603E+04
 3.95090E+03	 4.10315E+04
 3.95408E+03	 4.10313E+04
 3.95726E+03	 4.10511E+04
 3.96044E+03	 4.10473E+04
 3.96362E+03	 4.10369E+04
 3.96680E+03	 4.10752E+04
 3.96997E+03	 4.10485E+04
 3.97315E+03	 4.10564E+04
 3.97632E+03	 4.10764E+04
 3.97949E+03	 4.10573E+04
 3.98266E+03	 4.10907E+04
 3.98583E+03	 4.11021E+04
 3.98900E+03	 4.10914E+04
 3.99216E+03	 4.10937E+04
 3.99533E+03	 4.10835E+04
 3.99849E+03	 4.11299E+04
 4.00165E+03	 4.11051E+04
 4.00481E+03	 4.11098E+04
 4.00797E+03	 4.10983E+04
 4.01113E+03	 4.10834E+04
 4.01428E+03	 4.11352E+04
 4.01744E+03	 4.11176E+04
 4.02059E+03	 4.11712E+04
 4.02374E+03	 4.11685E+04
 4.02689E+03	 4.11680E+04
 4.03004E+03	 4.11591E+04
 4.03318E+03	 4.11753E+04
 4.03633E+03	 4.11396E+04
 4.03947E+03	 4.11648E+04
 4.04262E+03	 4.11308E+04
 4.04576E+03	 4.11183E+04
 4.04890E+03	 4.11176E+04
 4.05203E+03	 4.11244E+04
 4.05517E+03	 4.11129E+04
 4.05831E+03	 4.11134E+04
 4.06144E+03	 4.06906E+04
