-1.03034E+02	 2.25305E+03
-9.77694E+01	 2.27165E+03
-9.25079E+01	 2.30160E+03
-8.72494E+01	 2.32390E+03
-8.19938E+01	 2.34535E+03
-7.67412E+01	 2.37355E+03
-7.14916E+01	 2.39060E+03
-6.62450E+01	 2.41875E+03
-6.10013E+01	 2.44420E+03
-5.57605E+01	 2.46905E+03
-5.05228E+01	 2.49350E+03
-4.52879E+01	 2.52675E+03
-4.00561E+01	 2.54245E+03
-3.48271E+01	 2.57050E+03
-2.96012E+01	 2.59795E+03
-2.43781E+01	 2.62050E+03
-1.91580E+01	 2.64815E+03
-1.39409E+01	 2.67270E+03
-8.72666E+00	 2.70050E+03
-3.51538E+00	 2.72800E+03
 1.69298E+00	 2.74785E+03
 6.89840E+00	 2.77945E+03
 1.21009E+01	 2.80995E+03
 1.73005E+01	 2.83750E+03
 2.24971E+01	 2.86560E+03
 2.76908E+01	 2.89385E+03
 3.28816E+01	 2.92430E+03
 3.80695E+01	 2.94840E+03
 4.32545E+01	 2.98290E+03
 4.84366E+01	 3.01605E+03
 5.36157E+01	 3.03830E+03
 5.87920E+01	 3.06240E+03
 6.39653E+01	 3.09395E+03
 6.91358E+01	 3.12130E+03
 7.43033E+01	 3.15365E+03
 7.94680E+01	 3.18330E+03
 8.46297E+01	 3.21335E+03
 8.97886E+01	 3.24695E+03
 9.49446E+01	 3.26905E+03
 1.00098E+02	 3.30020E+03
 1.05248E+02	 3.33275E+03
 1.10395E+02	 3.36865E+03
 1.15540E+02	 3.39815E+03
 1.20681E+02	 3.42830E+03
 1.25820E+02	 3.45360E+03
 1.30956E+02	 3.48885E+03
 1.36089E+02	 3.52540E+03
 1.41219E+02	 3.55190E+03
 1.46346E+02	 3.59070E+03
 1.51470E+02	 3.62055E+03
 1.56592E+02	 3.65430E+03
 1.61710E+02	 3.68960E+03
 1.66826E+02	 3.72595E+03
 1.71939E+02	 3.75365E+03
 1.77049E+02	 3.79075E+03
 1.82156E+02	 3.82945E+03
 1.87260E+02	 3.86265E+03
 1.92362E+02	 3.89375E+03
 1.97461E+02	 3.92910E+03
 2.02556E+02	 3.96970E+03
 2.07649E+02	 4.01210E+03
 2.12739E+02	 4.04520E+03
 2.17827E+02	 4.07405E+03
 2.22911E+02	 4.10755E+03
 2.27993E+02	 4.14930E+03
 2.33072E+02	 4.17965E+03
 2.38148E+02	 4.22225E+03
 2.43221E+02	 4.25450E+03
 2.48291E+02	 4.29185E+03
 2.53359E+02	 4.33025E+03
 2.58423E+02	 4.36900E+03
 2.63485E+02	 4.40140E+03
 2.68544E+02	 4.43710E+03
 2.73600E+02	 4.47485E+03
 2.78654E+02	 4.51305E+03
 2.83704E+02	 4.55015E+03
 2.88752E+02	 4.58830E+03
 2.93797E+02	 4.62010E+03
 2.98840E+02	 4.66690E+03
 3.03879E+02	 4.71015E+03
 3.08916E+02	 4.74480E+03
 3.13949E+02	 4.77895E+03
 3.18980E+02	 4.82535E+03
 3.24009E+02	 4.86310E+03
 3.29034E+02	 4.90190E+03
 3.34057E+02	 4.94290E+03
 3.39077E+02	 4.98215E+03
 3.44094E+02	 5.02615E+03
 3.49108E+02	 5.06605E+03
 3.54120E+02	 5.10240E+03
 3.59129E+02	 5.14465E+03
 3.64135E+02	 5.18780E+03
 3.69138E+02	 5.22315E+03
 3.74138E+02	 5.26360E+03
 3.79136E+02	 5.31425E+03
 3.84131E+02	 5.35865E+03
 3.89123E+02	 5.39400E+03
 3.94113E+02	 5.43465E+03
 3.99099E+02	 5.47765E+03
 4.04083E+02	 5.52425E+03
 4.09064E+02	 5.56610E+03
 4.14043E+02	 5.60575E+03
 4.19019E+02	 5.65105E+03
 4.23991E+02	 5.68945E+03
 4.28962E+02	 5.74295E+03
 4.33929E+02	 5.77925E+03
 4.38894E+02	 5.83775E+03
 4.43856E+02	 5.86810E+03
 4.48815E+02	 5.92410E+03
 4.53771E+02	 5.96420E+03
 4.58725E+02	 6.00980E+03
 4.63676E+02	 6.05225E+03
 4.68625E+02	 6.10935E+03
 4.73570E+02	 6.15330E+03
 4.78513E+02	 6.18765E+03
 4.83453E+02	 6.23780E+03
 4.88391E+02	 6.28610E+03
 4.93325E+02	 6.33500E+03
 4.98257E+02	 6.37805E+03
 5.03187E+02	 6.42030E+03
 5.08113E+02	 6.47965E+03
 5.13037E+02	 6.52325E+03
 5.17958E+02	 6.56905E+03
 5.22877E+02	 6.61700E+03
 5.27792E+02	 6.65965E+03
 5.32706E+02	 6.71475E+03
 5.37616E+02	 6.76950E+03
 5.42524E+02	 6.81350E+03
 5.47429E+02	 6.85515E+03
 5.52331E+02	 6.91020E+03
 5.57230E+02	 6.96960E+03
 5.62127E+02	 7.01675E+03
 5.67022E+02	 7.05625E+03
 5.71913E+02	 7.11790E+03
 5.76802E+02	 7.16075E+03
 5.81688E+02	 7.21160E+03
 5.86572E+02	 7.27000E+03
 5.91452E+02	 7.31515E+03
 5.96331E+02	 7.36490E+03
 6.01206E+02	 7.41045E+03
 6.06079E+02	 7.45300E+03
 6.10949E+02	 7.51060E+03
 6.15817E+02	 7.58050E+03
 6.20681E+02	 7.61300E+03
 6.25544E+02	 7.65930E+03
 6.30403E+02	 7.72175E+03
 6.35260E+02	 7.78210E+03
 6.40114E+02	 7.82480E+03
 6.44966E+02	 7.87985E+03
 6.49815E+02	 7.93705E+03
 6.54661E+02	 7.98485E+03
 6.59505E+02	 8.04140E+03
 6.64346E+02	 8.09885E+03
 6.69184E+02	 8.14920E+03
 6.74020E+02	 8.19720E+03
 6.78853E+02	 8.25975E+03
 6.83683E+02	 8.30745E+03
 6.88511E+02	 8.36600E+03
 6.93336E+02	 8.41250E+03
 6.98159E+02	 8.47950E+03
 7.02978E+02	 8.52535E+03
 7.07796E+02	 8.58815E+03
 7.12610E+02	 8.63405E+03
 7.17422E+02	 8.69825E+03
 7.22232E+02	 8.74585E+03
 7.27039E+02	 8.80675E+03
 7.31843E+02	 8.86590E+03
 7.36644E+02	 8.91420E+03
 7.41443E+02	 8.98295E+03
 7.46240E+02	 9.03830E+03
 7.51033E+02	 9.09715E+03
 7.55825E+02	 9.15490E+03
 7.60613E+02	 9.21135E+03
 7.65399E+02	 9.27310E+03
 7.70182E+02	 9.32950E+03
 7.74963E+02	 9.38315E+03
 7.79741E+02	 9.45065E+03
 7.84517E+02	 9.51175E+03
 7.89290E+02	 9.57145E+03
 7.94060E+02	 9.61735E+03
 7.98828E+02	 9.69500E+03
 8.03593E+02	 9.74240E+03
 8.08356E+02	 9.81210E+03
 8.13116E+02	 9.87655E+03
 8.17873E+02	 9.93500E+03
 8.22628E+02	 9.98960E+03
 8.27380E+02	 1.00575E+04
 8.32130E+02	 1.01258E+04
 8.36877E+02	 1.01795E+04
 8.41622E+02	 1.02557E+04
 8.46364E+02	 1.03060E+04
 8.51103E+02	 1.03807E+04
 8.55840E+02	 1.04365E+04
 8.60575E+02	 1.04968E+04
 8.65306E+02	 1.05535E+04
 8.70036E+02	 1.06173E+04
 8.74762E+02	 1.06899E+04
 8.79486E+02	 1.07432E+04
 8.84208E+02	 1.08133E+04
 8.88927E+02	 1.08878E+04
 8.93644E+02	 1.09433E+04
 8.98357E+02	 1.10115E+04
 9.03069E+02	 1.10751E+04
 9.07778E+02	 1.11429E+04
 9.12484E+02	 1.12108E+04
 9.17188E+02	 1.12628E+04
 9.21889E+02	 1.13327E+04
 9.26588E+02	 1.13932E+04
 9.31284E+02	 1.14680E+04
 9.35977E+02	 1.15451E+04
 9.40669E+02	 1.15955E+04
 9.45357E+02	 1.16743E+04
 9.50043E+02	 1.17455E+04
 9.54727E+02	 1.18125E+04
 9.59408E+02	 1.18813E+04
 9.64086E+02	 1.19533E+04
 9.68762E+02	 1.20103E+04
 9.73436E+02	 1.20833E+04
 9.78107E+02	 1.21434E+04
 9.82775E+02	 1.22134E+04
 9.87441E+02	 1.22820E+04
 9.92104E+02	 1.23554E+04
 9.96765E+02	 1.24352E+04
 1.00142E+03	 1.25042E+04
 1.00608E+03	 1.25814E+04
 1.01073E+03	 1.26347E+04
 1.01538E+03	 1.27132E+04
 1.02003E+03	 1.27800E+04
 1.02468E+03	 1.28522E+04
 1.02932E+03	 1.29232E+04
 1.03396E+03	 1.29968E+04
 1.03860E+03	 1.30697E+04
 1.04324E+03	 1.31538E+04
 1.04787E+03	 1.32117E+04
 1.05250E+03	 1.32798E+04
 1.05713E+03	 1.33581E+04
 1.06176E+03	 1.34419E+04
 1.06638E+03	 1.35082E+04
 1.07100E+03	 1.35851E+04
 1.07562E+03	 1.36487E+04
 1.08024E+03	 1.37268E+04
 1.08485E+03	 1.37942E+04
 1.08946E+03	 1.38773E+04
 1.09407E+03	 1.39376E+04
 1.09868E+03	 1.40112E+04
 1.10328E+03	 1.40940E+04
 1.10788E+03	 1.41655E+04
 1.11248E+03	 1.42391E+04
 1.11708E+03	 1.43307E+04
 1.12167E+03	 1.43958E+04
 1.12626E+03	 1.44633E+04
 1.13085E+03	 1.45208E+04
 1.13544E+03	 1.46139E+04
 1.14002E+03	 1.46882E+04
 1.14460E+03	 1.47509E+04
 1.14918E+03	 1.48287E+04
 1.15376E+03	 1.49052E+04
 1.15833E+03	 1.49847E+04
 1.16291E+03	 1.50413E+04
 1.16748E+03	 1.51282E+04
 1.17204E+03	 1.51920E+04
 1.17661E+03	 1.52849E+04
 1.18117E+03	 1.53468E+04
 1.18573E+03	 1.54336E+04
 1.19029E+03	 1.55163E+04
 1.19484E+03	 1.55800E+04
 1.19939E+03	 1.56829E+04
 1.20394E+03	 1.57475E+04
 1.20849E+03	 1.58232E+04
 1.21304E+03	 1.59122E+04
 1.21758E+03	 1.59788E+04
 1.22212E+03	 1.60540E+04
 1.22666E+03	 1.61458E+04
 1.23119E+03	 1.62136E+04
 1.23573E+03	 1.62968E+04
 1.24026E+03	 1.63797E+04
 1.24479E+03	 1.64592E+04
 1.24931E+03	 1.65519E+04
 1.25384E+03	 1.66263E+04
 1.25836E+03	 1.67126E+04
 1.26288E+03	 1.67787E+04
 1.26739E+03	 1.68715E+04
 1.27191E+03	 1.69501E+04
 1.27642E+03	 1.70373E+04
 1.28093E+03	 1.70855E+04
 1.28543E+03	 1.71542E+04
 1.28994E+03	 1.72397E+04
 1.29444E+03	 1.73028E+04
 1.29894E+03	 1.73631E+04
 1.30344E+03	 1.74258E+04
 1.30793E+03	 1.74464E+04
 1.31243E+03	 1.75561E+04
 1.31692E+03	 1.76193E+04
 1.32140E+03	 1.76974E+04
 1.32589E+03	 1.77514E+04
 1.33037E+03	 1.78329E+04
 1.33485E+03	 1.78936E+04
 1.33933E+03	 1.79572E+04
 1.34381E+03	 1.80095E+04
 1.34828E+03	 1.80918E+04
 1.35275E+03	 1.81587E+04
 1.35722E+03	 1.82296E+04
 1.36169E+03	 1.82662E+04
 1.36615E+03	 1.83418E+04
 1.37061E+03	 1.84138E+04
 1.37507E+03	 1.84637E+04
 1.37953E+03	 1.85439E+04
 1.38398E+03	 1.85857E+04
 1.38844E+03	 1.86476E+04
 1.39289E+03	 1.87128E+04
 1.39733E+03	 1.87626E+04
 1.40178E+03	 1.88188E+04
 1.40622E+03	 1.88721E+04
 1.41066E+03	 1.89461E+04
 1.41510E+03	 1.89978E+04
 1.41954E+03	 1.90358E+04
 1.42397E+03	 1.91105E+04
 1.42840E+03	 1.91701E+04
 1.43283E+03	 1.92236E+04
 1.43726E+03	 1.92782E+04
 1.44168E+03	 1.93382E+04
 1.44610E+03	 1.94168E+04
 1.45052E+03	 1.94541E+04
 1.45494E+03	 1.95029E+04
 1.45936E+03	 1.95739E+04
 1.46377E+03	 1.96420E+04
 1.46818E+03	 1.96933E+04
 1.47259E+03	 1.97462E+04
 1.47699E+03	 1.98082E+04
 1.48140E+03	 1.98881E+04
 1.48580E+03	 1.99367E+04
 1.49020E+03	 1.99702E+04
 1.49459E+03	 2.00423E+04
 1.49899E+03	 2.01008E+04
 1.50338E+03	 2.01483E+04
 1.50777E+03	 2.01947E+04
 1.51216E+03	 2.02652E+04
 1.51654E+03	 2.03097E+04
 1.52092E+03	 2.03628E+04
 1.52530E+03	 2.04385E+04
 1.52968E+03	 2.05007E+04
 1.53406E+03	 2.05436E+04
 1.53843E+03	 2.06065E+04
 1.54280E+03	 2.06516E+04
 1.54717E+03	 2.07158E+04
 1.55154E+03	 2.07493E+04
 1.55590E+03	 2.08100E+04
 1.56027E+03	 2.08613E+04
 1.56463E+03	 2.09202E+04
 1.56898E+03	 2.09987E+04
 1.57334E+03	 2.10510E+04
 1.57769E+03	 2.10893E+04
 1.58204E+03	 2.11548E+04
 1.58639E+03	 2.12258E+04
 1.59074E+03	 2.12556E+04
 1.59508E+03	 2.13219E+04
 1.59942E+03	 2.13634E+04
 1.60376E+03	 2.14391E+04
 1.60810E+03	 2.14730E+04
 1.61243E+03	 2.15157E+04
 1.61677E+03	 2.15602E+04
 1.62110E+03	 2.16268E+04
 1.62542E+03	 2.16822E+04
 1.62975E+03	 2.17324E+04
 1.63407E+03	 2.17803E+04
 1.63840E+03	 2.18554E+04
 1.64271E+03	 2.19036E+04
 1.64703E+03	 2.19461E+04
 1.65135E+03	 2.20037E+04
 1.65566E+03	 2.20486E+04
 1.65997E+03	 2.21104E+04
 1.66428E+03	 2.21716E+04
 1.66858E+03	 2.22017E+04
 1.67289E+03	 2.22689E+04
 1.67719E+03	 2.23369E+04
 1.68149E+03	 2.23792E+04
 1.68578E+03	 2.24224E+04
 1.69008E+03	 2.24784E+04
 1.69437E+03	 2.25305E+04
 1.69866E+03	 2.25648E+04
 1.70295E+03	 2.26220E+04
 1.70723E+03	 2.26574E+04
 1.71152E+03	 2.27247E+04
 1.71580E+03	 2.27629E+04
 1.72008E+03	 2.28393E+04
 1.72435E+03	 2.28798E+04
 1.72863E+03	 2.29193E+04
 1.73290E+03	 2.29869E+04
 1.73717E+03	 2.30318E+04
 1.74144E+03	 2.30792E+04
 1.74570E+03	 2.31510E+04
 1.74997E+03	 2.31913E+04
 1.75423E+03	 2.32258E+04
 1.75849E+03	 2.32886E+04
 1.76274E+03	 2.33443E+04
 1.76700E+03	 2.34039E+04
 1.77125E+03	 2.34482E+04
 1.77550E+03	 2.34779E+04
 1.77975E+03	 2.35077E+04
 1.78399E+03	 2.35710E+04
 1.78824E+03	 2.36115E+04
 1.79248E+03	 2.36543E+04
 1.79672E+03	 2.37061E+04
 1.80095E+03	 2.37602E+04
 1.80519E+03	 2.38033E+04
 1.80942E+03	 2.38227E+04
 1.81365E+03	 2.38956E+04
 1.81788E+03	 2.39449E+04
 1.82211E+03	 2.39736E+04
 1.82633E+03	 2.40344E+04
 1.83055E+03	 2.41012E+04
 1.83477E+03	 2.41084E+04
 1.83899E+03	 2.41612E+04
 1.84320E+03	 2.42186E+04
 1.84742E+03	 2.42769E+04
 1.85163E+03	 2.43380E+04
 1.85584E+03	 2.43574E+04
 1.86004E+03	 2.44146E+04
 1.86425E+03	 2.44397E+04
 1.86845E+03	 2.44962E+04
 1.87265E+03	 2.45302E+04
 1.87685E+03	 2.45464E+04
 1.88104E+03	 2.46037E+04
 1.88524E+03	 2.46273E+04
 1.88943E+03	 2.46702E+04
 1.89362E+03	 2.47003E+04
 1.89780E+03	 2.47469E+04
 1.90199E+03	 2.48112E+04
 1.90617E+03	 2.48244E+04
 1.91035E+03	 2.48553E+04
 1.91453E+03	 2.49017E+04
 1.91871E+03	 2.49508E+04
 1.92288E+03	 2.50045E+04
 1.92705E+03	 2.50161E+04
 1.93122E+03	 2.50918E+04
 1.93539E+03	 2.51359E+04
 1.93956E+03	 2.51524E+04
 1.94372E+03	 2.51999E+04
 1.94788E+03	 2.52464E+04
 1.95204E+03	 2.52723E+04
 1.95620E+03	 2.53093E+04
 1.96035E+03	 2.53831E+04
 1.96451E+03	 2.54054E+04
 1.96866E+03	 2.54303E+04
 1.97280E+03	 2.54538E+04
 1.97695E+03	 2.55134E+04
 1.98110E+03	 2.55463E+04
 1.98524E+03	 2.55870E+04
 1.98938E+03	 2.56066E+04
 1.99352E+03	 2.56297E+04
 1.99765E+03	 2.56802E+04
 2.00179E+03	 2.57314E+04
 2.00592E+03	 2.57391E+04
 2.01005E+03	 2.57845E+04
 2.01417E+03	 2.58146E+04
 2.01830E+03	 2.58673E+04
 2.02242E+03	 2.59073E+04
 2.02654E+03	 2.59390E+04
 2.03066E+03	 2.59740E+04
 2.03478E+03	 2.60156E+04
 2.03889E+03	 2.60409E+04
 2.04301E+03	 2.60848E+04
 2.04712E+03	 2.61159E+04
 2.05123E+03	 2.61486E+04
 2.05533E+03	 2.61783E+04
 2.05944E+03	 2.62295E+04
 2.06354E+03	 2.62655E+04
 2.06764E+03	 2.62983E+04
 2.07174E+03	 2.63219E+04
 2.07583E+03	 2.63474E+04
 2.07993E+03	 2.64057E+04
 2.08402E+03	 2.64466E+04
 2.08811E+03	 2.64528E+04
 2.09219E+03	 2.64831E+04
 2.09628E+03	 2.65205E+04
 2.10036E+03	 2.65498E+04
 2.10444E+03	 2.65983E+04
 2.10852E+03	 2.66142E+04
 2.11260E+03	 2.66628E+04
 2.11668E+03	 2.66996E+04
 2.12075E+03	 2.67336E+04
 2.12482E+03	 2.67898E+04
 2.12889E+03	 2.68207E+04
 2.13296E+03	 2.68635E+04
 2.13702E+03	 2.69021E+04
 2.14108E+03	 2.69458E+04
 2.14514E+03	 2.69823E+04
 2.14920E+03	 2.70348E+04
 2.15326E+03	 2.70769E+04
 2.15731E+03	 2.70923E+04
 2.16137E+03	 2.71335E+04
 2.16542E+03	 2.71959E+04
 2.16946E+03	 2.71907E+04
 2.17351E+03	 2.72542E+04
 2.17755E+03	 2.72806E+04
 2.18160E+03	 2.73249E+04
 2.18564E+03	 2.73373E+04
 2.18967E+03	 2.73872E+04
 2.19371E+03	 2.74309E+04
 2.19774E+03	 2.74509E+04
 2.20178E+03	 2.74893E+04
 2.20581E+03	 2.75316E+04
 2.20983E+03	 2.75403E+04
 2.21386E+03	 2.75944E+04
 2.21788E+03	 2.76128E+04
 2.22190E+03	 2.76559E+04
 2.22592E+03	 2.76831E+04
 2.22994E+03	 2.77083E+04
 2.23396E+03	 2.77513E+04
 2.23797E+03	 2.78169E+04
 2.24198E+03	 2.78242E+04
 2.24599E+03	 2.78406E+04
 2.25000E+03	 2.78988E+04
 2.25401E+03	 2.79268E+04
 2.25801E+03	 2.79813E+04
 2.26201E+03	 2.80108E+04
 2.26601E+03	 2.80168E+04
 2.27001E+03	 2.80746E+04
 2.27400E+03	 2.81083E+04
 2.27800E+03	 2.81581E+04
 2.28199E+03	 2.81789E+04
 2.28598E+03	 2.82120E+04
 2.28996E+03	 2.82479E+04
 2.29395E+03	 2.82768E+04
 2.29793E+03	 2.82897E+04
 2.30191E+03	 2.83231E+04
 2.30589E+03	 2.83643E+04
 2.30987E+03	 2.83927E+04
 2.31384E+03	 2.84103E+04
 2.31782E+03	 2.84714E+04
 2.32179E+03	 2.85024E+04
 2.32576E+03	 2.85274E+04
 2.32973E+03	 2.85478E+04
 2.33369E+03	 2.85997E+04
 2.33765E+03	 2.86306E+04
 2.34162E+03	 2.86456E+04
 2.34557E+03	 2.86908E+04
 2.34953E+03	 2.87209E+04
 2.35349E+03	 2.87694E+04
 2.35744E+03	 2.88093E+04
 2.36139E+03	 2.88331E+04
 2.36534E+03	 2.88442E+04
 2.36929E+03	 2.88937E+04
 2.37323E+03	 2.89288E+04
 2.37718E+03	 2.89718E+04
 2.38112E+03	 2.89854E+04
 2.38506E+03	 2.90233E+04
 2.38900E+03	 2.90288E+04
 2.39293E+03	 2.90859E+04
 2.39686E+03	 2.90945E+04
 2.40080E+03	 2.91256E+04
 2.40473E+03	 2.91665E+04
 2.40865E+03	 2.92003E+04
 2.41258E+03	 2.92261E+04
 2.41650E+03	 2.92508E+04
 2.42042E+03	 2.92828E+04
 2.42434E+03	 2.93174E+04
 2.42826E+03	 2.93491E+04
 2.43218E+03	 2.93751E+04
 2.43609E+03	 2.93953E+04
 2.44000E+03	 2.94398E+04
 2.44391E+03	 2.94731E+04
 2.44782E+03	 2.95200E+04
 2.45173E+03	 2.95335E+04
 2.45563E+03	 2.95865E+04
 2.45953E+03	 2.96076E+04
 2.46343E+03	 2.96379E+04
 2.46733E+03	 2.96937E+04
 2.47123E+03	 2.97175E+04
 2.47512E+03	 2.97204E+04
 2.47902E+03	 2.97432E+04
 2.48291E+03	 2.98061E+04
 2.48679E+03	 2.98141E+04
 2.49068E+03	 2.98649E+04
 2.49457E+03	 2.98764E+04
 2.49845E+03	 2.99165E+04
 2.50233E+03	 2.99201E+04
 2.50621E+03	 2.99962E+04
 2.51008E+03	 3.00216E+04
 2.51396E+03	 3.00229E+04
 2.51783E+03	 3.00579E+04
 2.52170E+03	 3.01007E+04
 2.52557E+03	 3.01450E+04
 2.52944E+03	 3.01603E+04
 2.53331E+03	 3.01971E+04
 2.53717E+03	 3.02343E+04
 2.54103E+03	 3.02433E+04
 2.54489E+03	 3.03098E+04
 2.54875E+03	 3.03068E+04
 2.55260E+03	 3.03576E+04
 2.55646E+03	 3.03711E+04
 2.56031E+03	 3.04173E+04
 2.56416E+03	 3.04421E+04
 2.56801E+03	 3.04799E+04
 2.57185E+03	 3.05189E+04
 2.57570E+03	 3.05520E+04
 2.57954E+03	 3.05503E+04
 2.58338E+03	 3.05899E+04
 2.58722E+03	 3.06130E+04
 2.59105E+03	 3.06579E+04
 2.59489E+03	 3.06781E+04
 2.59872E+03	 3.07148E+04
 2.60255E+03	 3.07264E+04
 2.60638E+03	 3.07376E+04
 2.61021E+03	 3.07928E+04
 2.61403E+03	 3.08488E+04
 2.61786E+03	 3.08367E+04
 2.62168E+03	 3.08885E+04
 2.62550E+03	 3.09248E+04
 2.62932E+03	 3.09278E+04
 2.63313E+03	 3.09657E+04
 2.63695E+03	 3.10029E+04
 2.64076E+03	 3.10252E+04
 2.64457E+03	 3.10749E+04
 2.64838E+03	 3.10781E+04
 2.65218E+03	 3.11321E+04
 2.65599E+03	 3.11580E+04
 2.65979E+03	 3.11886E+04
 2.66359E+03	 3.12138E+04
 2.66739E+03	 3.12812E+04
 2.67118E+03	 3.12931E+04
 2.67498E+03	 3.13526E+04
 2.67877E+03	 3.13742E+04
 2.68256E+03	 3.14121E+04
 2.68635E+03	 3.14489E+04
 2.69014E+03	 3.14386E+04
 2.69393E+03	 3.15199E+04
 2.69771E+03	 3.15073E+04
 2.70149E+03	 3.15482E+04
 2.70527E+03	 3.15787E+04
 2.70905E+03	 3.16039E+04
 2.71283E+03	 3.16363E+04
 2.71660E+03	 3.16565E+04
 2.72037E+03	 3.16988E+04
 2.72414E+03	 3.17199E+04
 2.72791E+03	 3.17693E+04
 2.73168E+03	 3.18023E+04
 2.73544E+03	 3.18184E+04
 2.73921E+03	 3.18550E+04
 2.74297E+03	 3.19090E+04
 2.74673E+03	 3.19563E+04
 2.75049E+03	 3.19601E+04
 2.75424E+03	 3.19830E+04
 2.75800E+03	 3.20549E+04
 2.76175E+03	 3.20796E+04
 2.76550E+03	 3.21106E+04
 2.76925E+03	 3.21600E+04
 2.77299E+03	 3.21702E+04
 2.77674E+03	 3.21853E+04
 2.78048E+03	 3.22381E+04
 2.78422E+03	 3.22855E+04
 2.78796E+03	 3.23036E+04
 2.79170E+03	 3.23578E+04
 2.79544E+03	 3.23593E+04
 2.79917E+03	 3.24136E+04
 2.80290E+03	 3.24293E+04
 2.80663E+03	 3.24726E+04
 2.81036E+03	 3.25034E+04
 2.81409E+03	 3.25625E+04
 2.81781E+03	 3.25642E+04
 2.82153E+03	 3.26573E+04
 2.82525E+03	 3.26478E+04
 2.82897E+03	 3.26998E+04
 2.83269E+03	 3.27203E+04
 2.83641E+03	 3.27504E+04
 2.84012E+03	 3.27837E+04
 2.84383E+03	 3.28083E+04
 2.84754E+03	 3.28564E+04
 2.85125E+03	 3.28826E+04
 2.85496E+03	 3.29180E+04
 2.85866E+03	 3.29521E+04
 2.86236E+03	 3.29866E+04
 2.86606E+03	 3.30067E+04
 2.86976E+03	 3.30612E+04
 2.87346E+03	 3.31034E+04
 2.87716E+03	 3.31069E+04
 2.88085E+03	 3.31485E+04
 2.88454E+03	 3.31971E+04
 2.88823E+03	 3.32374E+04
 2.89192E+03	 3.32701E+04
 2.89561E+03	 3.32695E+04
 2.89929E+03	 3.33300E+04
 2.90297E+03	 3.33736E+04
 2.90666E+03	 3.33801E+04
 2.91033E+03	 3.34271E+04
 2.91401E+03	 3.34828E+04
 2.91769E+03	 3.35066E+04
 2.92136E+03	 3.35317E+04
 2.92503E+03	 3.35588E+04
 2.92870E+03	 3.35674E+04
 2.93237E+03	 3.36106E+04
 2.93604E+03	 3.36799E+04
 2.93970E+03	 3.36739E+04
 2.94337E+03	 3.37455E+04
 2.94703E+03	 3.37577E+04
 2.95069E+03	 3.37933E+04
 2.95435E+03	 3.38681E+04
 2.95800E+03	 3.38816E+04
 2.96166E+03	 3.38806E+04
 2.96531E+03	 3.39521E+04
 2.96896E+03	 3.39787E+04
 2.97261E+03	 3.40295E+04
 2.97626E+03	 3.40761E+04
 2.97990E+03	 3.41075E+04
 2.98354E+03	 3.41311E+04
 2.98719E+03	 3.41766E+04
 2.99083E+03	 3.42087E+04
 2.99446E+03	 3.42534E+04
 2.99810E+03	 3.42986E+04
 3.00174E+03	 3.43462E+04
 3.00537E+03	 3.43716E+04
 3.00900E+03	 3.43821E+04
 3.01263E+03	 3.44276E+04
 3.01626E+03	 3.44218E+04
 3.01988E+03	 3.45016E+04
 3.02351E+03	 3.45253E+04
 3.02713E+03	 3.45739E+04
 3.03075E+03	 3.45944E+04
 3.03437E+03	 3.46366E+04
 3.03799E+03	 3.46429E+04
 3.04160E+03	 3.46781E+04
 3.04521E+03	 3.47353E+04
 3.04883E+03	 3.47349E+04
 3.05244E+03	 3.47961E+04
 3.05605E+03	 3.48130E+04
 3.05965E+03	 3.48359E+04
 3.06326E+03	 3.48732E+04
 3.06686E+03	 3.49142E+04
 3.07046E+03	 3.49429E+04
 3.07406E+03	 3.49534E+04
 3.07766E+03	 3.49947E+04
 3.08125E+03	 3.50225E+04
 3.08485E+03	 3.50889E+04
 3.08844E+03	 3.51056E+04
 3.09203E+03	 3.51439E+04
 3.09562E+03	 3.51719E+04
 3.09921E+03	 3.52104E+04
 3.10280E+03	 3.52411E+04
 3.10638E+03	 3.52785E+04
 3.10996E+03	 3.53251E+04
 3.11354E+03	 3.53734E+04
 3.11712E+03	 3.53646E+04
 3.12070E+03	 3.54135E+04
 3.12427E+03	 3.54569E+04
 3.12785E+03	 3.54949E+04
 3.13142E+03	 3.55363E+04
 3.13499E+03	 3.55562E+04
 3.13856E+03	 3.55728E+04
 3.14212E+03	 3.56093E+04
 3.14569E+03	 3.56459E+04
 3.14925E+03	 3.56783E+04
 3.15281E+03	 3.57217E+04
 3.15637E+03	 3.57281E+04
 3.15993E+03	 3.57767E+04
 3.16349E+03	 3.57871E+04
 3.16704E+03	 3.58357E+04
 3.17060E+03	 3.58768E+04
 3.17415E+03	 3.59164E+04
 3.17770E+03	 3.59194E+04
 3.18124E+03	 3.59621E+04
 3.18479E+03	 3.60103E+04
 3.18834E+03	 3.60394E+04
 3.19188E+03	 3.60839E+04
 3.19542E+03	 3.61179E+04
 3.19896E+03	 3.61612E+04
 3.20250E+03	 3.61757E+04
 3.20603E+03	 3.62081E+04
 3.20957E+03	 3.62711E+04
 3.21310E+03	 3.62944E+04
 3.21663E+03	 3.63453E+04
 3.22016E+03	 3.63703E+04
 3.22369E+03	 3.63948E+04
 3.22721E+03	 3.64283E+04
 3.23074E+03	 3.64554E+04
 3.23426E+03	 3.65029E+04
 3.23778E+03	 3.65280E+04
 3.24130E+03	 3.65499E+04
 3.24481E+03	 3.65888E+04
 3.24833E+03	 3.66162E+04
 3.25184E+03	 3.66404E+04
 3.25536E+03	 3.66437E+04
 3.25887E+03	 3.67291E+04
 3.26238E+03	 3.67594E+04
 3.26588E+03	 3.68001E+04
 3.26939E+03	 3.68414E+04
 3.27289E+03	 3.68633E+04
 3.27639E+03	 3.68959E+04
 3.27989E+03	 3.69215E+04
 3.28339E+03	 3.69494E+04
 3.28689E+03	 3.69989E+04
 3.29039E+03	 3.70537E+04
 3.29388E+03	 3.70711E+04
 3.29737E+03	 3.70775E+04
 3.30086E+03	 3.71527E+04
 3.30435E+03	 3.71626E+04
 3.30784E+03	 3.72047E+04
 3.31132E+03	 3.72396E+04
 3.31481E+03	 3.72854E+04
 3.31829E+03	 3.73016E+04
 3.32177E+03	 3.73231E+04
 3.32525E+03	 3.73689E+04
 3.32873E+03	 3.73904E+04
 3.33220E+03	 3.74435E+04
 3.33567E+03	 3.74638E+04
 3.33915E+03	 3.75022E+04
 3.34262E+03	 3.75234E+04
 3.34609E+03	 3.75563E+04
 3.34955E+03	 3.75604E+04
 3.35302E+03	 3.76282E+04
 3.35648E+03	 3.76556E+04
 3.35994E+03	 3.76813E+04
 3.36341E+03	 3.76863E+04
 3.36686E+03	 3.77270E+04
 3.37032E+03	 3.77579E+04
 3.37378E+03	 3.77791E+04
 3.37723E+03	 3.77988E+04
 3.38068E+03	 3.78373E+04
 3.38413E+03	 3.78911E+04
 3.38758E+03	 3.78965E+04
 3.39103E+03	 3.79136E+04
 3.39448E+03	 3.79004E+04
 3.39792E+03	 3.79694E+04
 3.40136E+03	 3.79674E+04
 3.40480E+03	 3.80193E+04
 3.40824E+03	 3.80456E+04
 3.41168E+03	 3.80711E+04
 3.41512E+03	 3.81299E+04
 3.41855E+03	 3.80974E+04
 3.42198E+03	 3.81501E+04
 3.42541E+03	 3.81691E+04
 3.42884E+03	 3.82158E+04
 3.43227E+03	 3.82294E+04
 3.43570E+03	 3.82569E+04
 3.43912E+03	 3.82781E+04
 3.44254E+03	 3.83229E+04
 3.44597E+03	 3.83221E+04
 3.44939E+03	 3.83409E+04
 3.45280E+03	 3.83771E+04
 3.45622E+03	 3.84049E+04
 3.45963E+03	 3.84454E+04
 3.46305E+03	 3.84917E+04
 3.46646E+03	 3.85151E+04
 3.46987E+03	 3.85369E+04
 3.47328E+03	 3.85639E+04
 3.47668E+03	 3.85951E+04
 3.48009E+03	 3.86464E+04
 3.48349E+03	 3.86763E+04
 3.48689E+03	 3.86770E+04
 3.49029E+03	 3.87118E+04
 3.49369E+03	 3.87686E+04
 3.49709E+03	 3.87794E+04
 3.50049E+03	 3.87933E+04
 3.50388E+03	 3.88198E+04
 3.50727E+03	 3.88419E+04
 3.51066E+03	 3.88522E+04
 3.51405E+03	 3.89140E+04
 3.51744E+03	 3.89549E+04
 3.52082E+03	 3.89181E+04
 3.52421E+03	 3.89799E+04
 3.52759E+03	 3.89857E+04
 3.53097E+03	 3.90051E+04
 3.53435E+03	 3.90238E+04
 3.53773E+03	 3.90516E+04
 3.54110E+03	 3.91033E+04
 3.54448E+03	 3.91323E+04
 3.54785E+03	 3.91777E+04
 3.55122E+03	 3.91959E+04
 3.55459E+03	 3.92299E+04
 3.55796E+03	 3.92732E+04
 3.56133E+03	 3.92966E+04
 3.56469E+03	 3.93217E+04
 3.56806E+03	 3.93399E+04
 3.57142E+03	 3.93683E+04
 3.57478E+03	 3.93939E+04
 3.57814E+03	 3.94244E+04
 3.58149E+03	 3.94579E+04
 3.58485E+03	 3.94720E+04
 3.58820E+03	 3.95120E+04
 3.59156E+03	 3.94948E+04
 3.59491E+03	 3.95536E+04
 3.59826E+03	 3.95922E+04
 3.60160E+03	 3.95971E+04
 3.60495E+03	 3.96308E+04
 3.60829E+03	 3.96099E+04
 3.61164E+03	 3.96766E+04
 3.61498E+03	 3.97147E+04
 3.61832E+03	 3.97143E+04
 3.62166E+03	 3.97383E+04
 3.62499E+03	 3.97739E+04
 3.62833E+03	 3.97993E+04
 3.63166E+03	 3.97913E+04
 3.63499E+03	 3.98383E+04
 3.63832E+03	 3.98499E+04
 3.64165E+03	 3.98608E+04
 3.64498E+03	 3.98712E+04
 3.64831E+03	 3.98858E+04
 3.65163E+03	 3.99069E+04
 3.65495E+03	 3.99519E+04
 3.65827E+03	 3.99536E+04
 3.66159E+03	 3.99991E+04
 3.66491E+03	 3.99986E+04
 3.66823E+03	 4.00284E+04
 3.67154E+03	 4.00732E+04
 3.67485E+03	 4.00777E+04
 3.67817E+03	 4.01304E+04
 3.68148E+03	 4.00988E+04
 3.68478E+03	 4.01632E+04
 3.68809E+03	 4.01389E+04
 3.69140E+03	 4.01596E+04
 3.69470E+03	 4.02004E+04
 3.69800E+03	 4.01934E+04
 3.70130E+03	 4.02196E+04
 3.70460E+03	 4.02148E+04
 3.70790E+03	 4.02683E+04
 3.71120E+03	 4.02744E+04
 3.71449E+03	 4.02869E+04
 3.71778E+03	 4.02954E+04
 3.72108E+03	 4.03408E+04
 3.72437E+03	 4.03342E+04
 3.72765E+03	 4.03785E+04
 3.73094E+03	 4.03699E+04
 3.73423E+03	 4.03638E+04
 3.73751E+03	 4.04176E+04
 3.74079E+03	 4.04215E+04
 3.74407E+03	 4.04411E+04
 3.74735E+03	 4.04951E+04
 3.75063E+03	 4.05279E+04
 3.75391E+03	 4.05206E+04
 3.75718E+03	 4.05459E+04
 3.76045E+03	 4.05401E+04
 3.76373E+03	 4.05800E+04
 3.76700E+03	 4.05879E+04
 3.77026E+03	 4.05958E+04
 3.77353E+03	 4.06006E+04
 3.77680E+03	 4.05923E+04
 3.78006E+03	 4.06299E+04
 3.78332E+03	 4.06654E+04
 3.78658E+03	 4.06739E+04
 3.78984E+03	 4.06943E+04
 3.79310E+03	 4.07058E+04
 3.79636E+03	 4.07079E+04
 3.79961E+03	 4.07084E+04
 3.80287E+03	 4.07323E+04
 3.80612E+03	 4.07431E+04
 3.80937E+03	 4.07534E+04
 3.81262E+03	 4.07771E+04
 3.81586E+03	 4.07953E+04
 3.81911E+03	 4.07888E+04
 3.82235E+03	 4.08287E+04
 3.82560E+03	 4.08396E+04
 3.82884E+03	 4.08581E+04
 3.83208E+03	 4.08699E+04
 3.83532E+03	 4.08864E+04
 3.83855E+03	 4.09089E+04
 3.84179E+03	 4.09036E+04
 3.84502E+03	 4.09111E+04
 3.84825E+03	 4.09176E+04
 3.85148E+03	 4.09297E+04
 3.85471E+03	 4.09331E+04
 3.85794E+03	 4.09651E+04
 3.86117E+03	 4.09899E+04
 3.86439E+03	 4.09869E+04
 3.86762E+03	 4.09796E+04
 3.87084E+03	 4.10036E+04
 3.87406E+03	 4.09818E+04
 3.87728E+03	 4.10181E+04
 3.88049E+03	 4.10266E+04
 3.88371E+03	 4.10615E+04
 3.88692E+03	 4.10484E+04
 3.89014E+03	 4.10859E+04
 3.89335E+03	 4.10990E+04
 3.89656E+03	 4.10711E+04
 3.89977E+03	 4.10977E+04
 3.90297E+03	 4.11236E+04
 3.90618E+03	 4.11468E+04
 3.90938E+03	 4.11354E+04
 3.91258E+03	 4.11612E+04
 3.91579E+03	 4.11694E+04
 3.91898E+03	 4.11569E+04
 3.92218E+03	 4.11754E+04
 3.92538E+03	 4.12022E+04
 3.92857E+03	 4.11938E+04
 3.93177E+03	 4.12148E+04
 3.93496E+03	 4.12284E+04
 3.93815E+03	 4.12861E+04
 3.94134E+03	 4.12889E+04
 3.94453E+03	 4.12876E+04
 3.94771E+03	 4.12714E+04
 3.95090E+03	 4.12721E+04
 3.95408E+03	 4.12914E+04
 3.95726E+03	 4.12726E+04
 3.96044E+03	 4.12533E+04
 3.96362E+03	 4.12996E+04
 3.96680E+03	 4.12956E+04
 3.96997E+03	 4.12996E+04
 3.97315E+03	 4.13028E+04
 3.97632E+03	 4.12937E+04
 3.97949E+03	 4.12794E+04
 3.98266E+03	 4.13324E+04
 3.98583E+03	 4.13236E+04
 3.98900E+03	 4.13264E+04
 3.99216E+03	 4.13421E+04
 3.99533E+03	 4.13171E+04
 3.99849E+03	 4.13338E+04
 4.00165E+03	 4.13264E+04
 4.00481E+03	 4.13376E+04
 4.00797E+03	 4.13421E+04
 4.01113E+03	 4.13063E+04
 4.01428E+03	 4.13687E+04
 4.01744E+03	 4.13494E+04
 4.02059E+03	 4.14167E+04
 4.02374E+03	 4.13588E+04
 4.02689E+03	 4.14234E+04
 4.03004E+03	 4.13863E+04
 4.03318E+03	 4.14008E+04
 4.03633E+03	 4.13657E+04
 4.03947E+03	 4.13869E+04
 4.04262E+03	 4.13570E+04
 4.04576E+03	 4.13744E+04
 4.04890E+03	 4.13521E+04
 4.05203E+03	 4.13365E+04
 4.05517E+03	 4.13376E+04
 4.05831E+03	 4.13443E+04
 4.06144E+03	 4.09061E+04
