-1.03034E+02	 2.26220E+03
-9.77694E+01	 2.28490E+03
-9.25079E+01	 2.31165E+03
-8.72494E+01	 2.33450E+03
-8.19938E+01	 2.35955E+03
-7.67412E+01	 2.38660E+03
-7.14916E+01	 2.40690E+03
-6.62450E+01	 2.43825E+03
-6.10013E+01	 2.45895E+03
-5.57605E+01	 2.48715E+03
-5.05228E+01	 2.50955E+03
-4.52879E+01	 2.53825E+03
-4.00561E+01	 2.56150E+03
-3.48271E+01	 2.59295E+03
-2.96012E+01	 2.61265E+03
-2.43781E+01	 2.63855E+03
-1.91580E+01	 2.66525E+03
-1.39409E+01	 2.68900E+03
-8.72666E+00	 2.71820E+03
-3.51538E+00	 2.74960E+03
 1.69298E+00	 2.77955E+03
 6.89840E+00	 2.79490E+03
 1.21009E+01	 2.83420E+03
 1.73005E+01	 2.85755E+03
 2.24971E+01	 2.88605E+03
 2.76908E+01	 2.92125E+03
 3.28816E+01	 2.95415E+03
 3.80695E+01	 2.97625E+03
 4.32545E+01	 3.00250E+03
 4.84366E+01	 3.03575E+03
 5.36157E+01	 3.06940E+03
 5.87920E+01	 3.09255E+03
 6.39653E+01	 3.12315E+03
 6.91358E+01	 3.15065E+03
 7.43033E+01	 3.17970E+03
 7.94680E+01	 3.21255E+03
 8.46297E+01	 3.23985E+03
 8.97886E+01	 3.27580E+03
 9.49446E+01	 3.30250E+03
 1.00098E+02	 3.33415E+03
 1.05248E+02	 3.36935E+03
 1.10395E+02	 3.39925E+03
 1.15540E+02	 3.42445E+03
 1.20681E+02	 3.46260E+03
 1.25820E+02	 3.49325E+03
 1.30956E+02	 3.52450E+03
 1.36089E+02	 3.55370E+03
 1.41219E+02	 3.58245E+03
 1.46346E+02	 3.62595E+03
 1.51470E+02	 3.65740E+03
 1.56592E+02	 3.69140E+03
 1.61710E+02	 3.72720E+03
 1.66826E+02	 3.76120E+03
 1.71939E+02	 3.79790E+03
 1.77049E+02	 3.83110E+03
 1.82156E+02	 3.87095E+03
 1.87260E+02	 3.90185E+03
 1.92362E+02	 3.94185E+03
 1.97461E+02	 3.96775E+03
 2.02556E+02	 4.00985E+03
 2.07649E+02	 4.04685E+03
 2.12739E+02	 4.08320E+03
 2.17827E+02	 4.11615E+03
 2.22911E+02	 4.15745E+03
 2.27993E+02	 4.19290E+03
 2.33072E+02	 4.22735E+03
 2.38148E+02	 4.26250E+03
 2.43221E+02	 4.30140E+03
 2.48291E+02	 4.33805E+03
 2.53359E+02	 4.37475E+03
 2.58423E+02	 4.40975E+03
 2.63485E+02	 4.44985E+03
 2.68544E+02	 4.48815E+03
 2.73600E+02	 4.52070E+03
 2.78654E+02	 4.55980E+03
 2.83704E+02	 4.59875E+03
 2.88752E+02	 4.63895E+03
 2.93797E+02	 4.67140E+03
 2.98840E+02	 4.71585E+03
 3.03879E+02	 4.75510E+03
 3.08916E+02	 4.79930E+03
 3.13949E+02	 4.84200E+03
 3.18980E+02	 4.87905E+03
 3.24009E+02	 4.92330E+03
 3.29034E+02	 4.95425E+03
 3.34057E+02	 5.00070E+03
 3.39077E+02	 5.04690E+03
 3.44094E+02	 5.07910E+03
 3.49108E+02	 5.12050E+03
 3.54120E+02	 5.16220E+03
 3.59129E+02	 5.21080E+03
 3.64135E+02	 5.25555E+03
 3.69138E+02	 5.29450E+03
 3.74138E+02	 5.33625E+03
 3.79136E+02	 5.37550E+03
 3.84131E+02	 5.43000E+03
 3.89123E+02	 5.46455E+03
 3.94113E+02	 5.50820E+03
 3.99099E+02	 5.55115E+03
 4.04083E+02	 5.59380E+03
 4.09064E+02	 5.62720E+03
 4.14043E+02	 5.68160E+03
 4.19019E+02	 5.72430E+03
 4.23991E+02	 5.78110E+03
 4.28962E+02	 5.81295E+03
 4.33929E+02	 5.85995E+03
 4.38894E+02	 5.90755E+03
 4.43856E+02	 5.95620E+03
 4.48815E+02	 6.00885E+03
 4.53771E+02	 6.04295E+03
 4.58725E+02	 6.09300E+03
 4.63676E+02	 6.13160E+03
 4.68625E+02	 6.18280E+03
 4.73570E+02	 6.22320E+03
 4.78513E+02	 6.27790E+03
 4.83453E+02	 6.32630E+03
 4.88391E+02	 6.37565E+03
 4.93325E+02	 6.41060E+03
 4.98257E+02	 6.47830E+03
 5.03187E+02	 6.51980E+03
 5.08113E+02	 6.56930E+03
 5.13037E+02	 6.61355E+03
 5.17958E+02	 6.66270E+03
 5.22877E+02	 6.70990E+03
 5.27792E+02	 6.75950E+03
 5.32706E+02	 6.81310E+03
 5.37616E+02	 6.86515E+03
 5.42524E+02	 6.91745E+03
 5.47429E+02	 6.96360E+03
 5.52331E+02	 7.00655E+03
 5.57230E+02	 7.06845E+03
 5.62127E+02	 7.11005E+03
 5.67022E+02	 7.16540E+03
 5.71913E+02	 7.21355E+03
 5.76802E+02	 7.26700E+03
 5.81688E+02	 7.31315E+03
 5.86572E+02	 7.37450E+03
 5.91452E+02	 7.42335E+03
 5.96331E+02	 7.46935E+03
 6.01206E+02	 7.52320E+03
 6.06079E+02	 7.58465E+03
 6.10949E+02	 7.62560E+03
 6.15817E+02	 7.69080E+03
 6.20681E+02	 7.72920E+03
 6.25544E+02	 7.78140E+03
 6.30403E+02	 7.83945E+03
 6.35260E+02	 7.88865E+03
 6.40114E+02	 7.95925E+03
 6.44966E+02	 8.00035E+03
 6.49815E+02	 8.05440E+03
 6.54661E+02	 8.12085E+03
 6.59505E+02	 8.16765E+03
 6.64346E+02	 8.21885E+03
 6.69184E+02	 8.28335E+03
 6.74020E+02	 8.31865E+03
 6.78853E+02	 8.39170E+03
 6.83683E+02	 8.44860E+03
 6.88511E+02	 8.49345E+03
 6.93336E+02	 8.55880E+03
 6.98159E+02	 8.61065E+03
 7.02978E+02	 8.66595E+03
 7.07796E+02	 8.72210E+03
 7.12610E+02	 8.78555E+03
 7.17422E+02	 8.84735E+03
 7.22232E+02	 8.90765E+03
 7.27039E+02	 8.95605E+03
 7.31843E+02	 9.01590E+03
 7.36644E+02	 9.07805E+03
 7.41443E+02	 9.12545E+03
 7.46240E+02	 9.19305E+03
 7.51033E+02	 9.24120E+03
 7.55825E+02	 9.30765E+03
 7.60613E+02	 9.37015E+03
 7.65399E+02	 9.42650E+03
 7.70182E+02	 9.49745E+03
 7.74963E+02	 9.55280E+03
 7.79741E+02	 9.60975E+03
 7.84517E+02	 9.66815E+03
 7.89290E+02	 9.73500E+03
 7.94060E+02	 9.79355E+03
 7.98828E+02	 9.86100E+03
 8.03593E+02	 9.91450E+03
 8.08356E+02	 9.98550E+03
 8.13116E+02	 1.00513E+04
 8.17873E+02	 1.01213E+04
 8.22628E+02	 1.01778E+04
 8.27380E+02	 1.02346E+04
 8.32130E+02	 1.03043E+04
 8.36877E+02	 1.03633E+04
 8.41622E+02	 1.04248E+04
 8.46364E+02	 1.04819E+04
 8.51103E+02	 1.05632E+04
 8.55840E+02	 1.06287E+04
 8.60575E+02	 1.06917E+04
 8.65306E+02	 1.07550E+04
 8.70036E+02	 1.08181E+04
 8.74762E+02	 1.08860E+04
 8.79486E+02	 1.09512E+04
 8.84208E+02	 1.10115E+04
 8.88927E+02	 1.10856E+04
 8.93644E+02	 1.11431E+04
 8.98357E+02	 1.12160E+04
 9.03069E+02	 1.12776E+04
 9.07778E+02	 1.13415E+04
 9.12484E+02	 1.14133E+04
 9.17188E+02	 1.14873E+04
 9.21889E+02	 1.15536E+04
 9.26588E+02	 1.16148E+04
 9.31284E+02	 1.16940E+04
 9.35977E+02	 1.17530E+04
 9.40669E+02	 1.18228E+04
 9.45357E+02	 1.18928E+04
 9.50043E+02	 1.19706E+04
 9.54727E+02	 1.20318E+04
 9.59408E+02	 1.21095E+04
 9.64086E+02	 1.21759E+04
 9.68762E+02	 1.22482E+04
 9.73436E+02	 1.23169E+04
 9.78107E+02	 1.23838E+04
 9.82775E+02	 1.24508E+04
 9.87441E+02	 1.25248E+04
 9.92104E+02	 1.26101E+04
 9.96765E+02	 1.26761E+04
 1.00142E+03	 1.27437E+04
 1.00608E+03	 1.28187E+04
 1.01073E+03	 1.28946E+04
 1.01538E+03	 1.29527E+04
 1.02003E+03	 1.30323E+04
 1.02468E+03	 1.31090E+04
 1.02932E+03	 1.31763E+04
 1.03396E+03	 1.32605E+04
 1.03860E+03	 1.33293E+04
 1.04324E+03	 1.34036E+04
 1.04787E+03	 1.34806E+04
 1.05250E+03	 1.35502E+04
 1.05713E+03	 1.36317E+04
 1.06176E+03	 1.36983E+04
 1.06638E+03	 1.37798E+04
 1.07100E+03	 1.38488E+04
 1.07562E+03	 1.39218E+04
 1.08024E+03	 1.39990E+04
 1.08485E+03	 1.40786E+04
 1.08946E+03	 1.41422E+04
 1.09407E+03	 1.42238E+04
 1.09868E+03	 1.43087E+04
 1.10328E+03	 1.43833E+04
 1.10788E+03	 1.44499E+04
 1.11248E+03	 1.45248E+04
 1.11708E+03	 1.46258E+04
 1.12167E+03	 1.46777E+04
 1.12626E+03	 1.47557E+04
 1.13085E+03	 1.48357E+04
 1.13544E+03	 1.49241E+04
 1.14002E+03	 1.49655E+04
 1.14460E+03	 1.50600E+04
 1.14918E+03	 1.51376E+04
 1.15376E+03	 1.52055E+04
 1.15833E+03	 1.52951E+04
 1.16291E+03	 1.53582E+04
 1.16748E+03	 1.54325E+04
 1.17204E+03	 1.55107E+04
 1.17661E+03	 1.55982E+04
 1.18117E+03	 1.56691E+04
 1.18573E+03	 1.57443E+04
 1.19029E+03	 1.58320E+04
 1.19484E+03	 1.59018E+04
 1.19939E+03	 1.59911E+04
 1.20394E+03	 1.60832E+04
 1.20849E+03	 1.61620E+04
 1.21304E+03	 1.62398E+04
 1.21758E+03	 1.63325E+04
 1.22212E+03	 1.64022E+04
 1.22666E+03	 1.64962E+04
 1.23119E+03	 1.65763E+04
 1.23573E+03	 1.66357E+04
 1.24026E+03	 1.67321E+04
 1.24479E+03	 1.68136E+04
 1.24931E+03	 1.68884E+04
 1.25384E+03	 1.69827E+04
 1.25836E+03	 1.70656E+04
 1.26288E+03	 1.71263E+04
 1.26739E+03	 1.72118E+04
 1.27191E+03	 1.72940E+04
 1.27642E+03	 1.73877E+04
 1.28093E+03	 1.74483E+04
 1.28543E+03	 1.75288E+04
 1.28994E+03	 1.75934E+04
 1.29444E+03	 1.76649E+04
 1.29894E+03	 1.77232E+04
 1.30344E+03	 1.77849E+04
 1.30793E+03	 1.78453E+04
 1.31243E+03	 1.79333E+04
 1.31692E+03	 1.80164E+04
 1.32140E+03	 1.80943E+04
 1.32589E+03	 1.81294E+04
 1.33037E+03	 1.82128E+04
 1.33485E+03	 1.82751E+04
 1.33933E+03	 1.83513E+04
 1.34381E+03	 1.84095E+04
 1.34828E+03	 1.84736E+04
 1.35275E+03	 1.85461E+04
 1.35722E+03	 1.86150E+04
 1.36169E+03	 1.86672E+04
 1.36615E+03	 1.87262E+04
 1.37061E+03	 1.88176E+04
 1.37507E+03	 1.88733E+04
 1.37953E+03	 1.89293E+04
 1.38398E+03	 1.89715E+04
 1.38844E+03	 1.90628E+04
 1.39289E+03	 1.91392E+04
 1.39733E+03	 1.91817E+04
 1.40178E+03	 1.92386E+04
 1.40622E+03	 1.92886E+04
 1.41066E+03	 1.93669E+04
 1.41510E+03	 1.94184E+04
 1.41954E+03	 1.94596E+04
 1.42397E+03	 1.95262E+04
 1.42840E+03	 1.95866E+04
 1.43283E+03	 1.96322E+04
 1.43726E+03	 1.96983E+04
 1.44168E+03	 1.97609E+04
 1.44610E+03	 1.98301E+04
 1.45052E+03	 1.98797E+04
 1.45494E+03	 1.99637E+04
 1.45936E+03	 2.00149E+04
 1.46377E+03	 2.00791E+04
 1.46818E+03	 2.01376E+04
 1.47259E+03	 2.01893E+04
 1.47699E+03	 2.02368E+04
 1.48140E+03	 2.03174E+04
 1.48580E+03	 2.03869E+04
 1.49020E+03	 2.04156E+04
 1.49459E+03	 2.05044E+04
 1.49899E+03	 2.05579E+04
 1.50338E+03	 2.06277E+04
 1.50777E+03	 2.06766E+04
 1.51216E+03	 2.07433E+04
 1.51654E+03	 2.07890E+04
 1.52092E+03	 2.08366E+04
 1.52530E+03	 2.08989E+04
 1.52968E+03	 2.09709E+04
 1.53406E+03	 2.09982E+04
 1.53843E+03	 2.10702E+04
 1.54280E+03	 2.11223E+04
 1.54717E+03	 2.11821E+04
 1.55154E+03	 2.12273E+04
 1.55590E+03	 2.12805E+04
 1.56027E+03	 2.13539E+04
 1.56463E+03	 2.14041E+04
 1.56898E+03	 2.14656E+04
 1.57334E+03	 2.15238E+04
 1.57769E+03	 2.15934E+04
 1.58204E+03	 2.16393E+04
 1.58639E+03	 2.17096E+04
 1.59074E+03	 2.17520E+04
 1.59508E+03	 2.18149E+04
 1.59942E+03	 2.18598E+04
 1.60376E+03	 2.19312E+04
 1.60810E+03	 2.19708E+04
 1.61243E+03	 2.20258E+04
 1.61677E+03	 2.20642E+04
 1.62110E+03	 2.21446E+04
 1.62542E+03	 2.21923E+04
 1.62975E+03	 2.22669E+04
 1.63407E+03	 2.22860E+04
 1.63840E+03	 2.23544E+04
 1.64271E+03	 2.23957E+04
 1.64703E+03	 2.24658E+04
 1.65135E+03	 2.25198E+04
 1.65566E+03	 2.25786E+04
 1.65997E+03	 2.26372E+04
 1.66428E+03	 2.26778E+04
 1.66858E+03	 2.27504E+04
 1.67289E+03	 2.27950E+04
 1.67719E+03	 2.28454E+04
 1.68149E+03	 2.28929E+04
 1.68578E+03	 2.29603E+04
 1.69008E+03	 2.30049E+04
 1.69437E+03	 2.30759E+04
 1.69866E+03	 2.31264E+04
 1.70295E+03	 2.31733E+04
 1.70723E+03	 2.32179E+04
 1.71152E+03	 2.32712E+04
 1.71580E+03	 2.33168E+04
 1.72008E+03	 2.33718E+04
 1.72435E+03	 2.34241E+04
 1.72863E+03	 2.34698E+04
 1.73290E+03	 2.35432E+04
 1.73717E+03	 2.36019E+04
 1.74144E+03	 2.36264E+04
 1.74570E+03	 2.36804E+04
 1.74997E+03	 2.37418E+04
 1.75423E+03	 2.37834E+04
 1.75849E+03	 2.38384E+04
 1.76274E+03	 2.38882E+04
 1.76700E+03	 2.39543E+04
 1.77125E+03	 2.39983E+04
 1.77550E+03	 2.40378E+04
 1.77975E+03	 2.40933E+04
 1.78399E+03	 2.41624E+04
 1.78824E+03	 2.41823E+04
 1.79248E+03	 2.42404E+04
 1.79672E+03	 2.42834E+04
 1.80095E+03	 2.43213E+04
 1.80519E+03	 2.43844E+04
 1.80942E+03	 2.44127E+04
 1.81365E+03	 2.44704E+04
 1.81788E+03	 2.45270E+04
 1.82211E+03	 2.45681E+04
 1.82633E+03	 2.46169E+04
 1.83055E+03	 2.46696E+04
 1.83477E+03	 2.47047E+04
 1.83899E+03	 2.47704E+04
 1.84320E+03	 2.48163E+04
 1.84742E+03	 2.48783E+04
 1.85163E+03	 2.49073E+04
 1.85584E+03	 2.49410E+04
 1.86004E+03	 2.50088E+04
 1.86425E+03	 2.50392E+04
 1.86845E+03	 2.51003E+04
 1.87265E+03	 2.51208E+04
 1.87685E+03	 2.51683E+04
 1.88104E+03	 2.52143E+04
 1.88524E+03	 2.52472E+04
 1.88943E+03	 2.52892E+04
 1.89362E+03	 2.53113E+04
 1.89780E+03	 2.53708E+04
 1.90199E+03	 2.54078E+04
 1.90617E+03	 2.54517E+04
 1.91035E+03	 2.54883E+04
 1.91453E+03	 2.55328E+04
 1.91871E+03	 2.55711E+04
 1.92288E+03	 2.55995E+04
 1.92705E+03	 2.56614E+04
 1.93122E+03	 2.57156E+04
 1.93539E+03	 2.57677E+04
 1.93956E+03	 2.58008E+04
 1.94372E+03	 2.58485E+04
 1.94788E+03	 2.58738E+04
 1.95204E+03	 2.59372E+04
 1.95620E+03	 2.59485E+04
 1.96035E+03	 2.60061E+04
 1.96451E+03	 2.60597E+04
 1.96866E+03	 2.60918E+04
 1.97280E+03	 2.61113E+04
 1.97695E+03	 2.61574E+04
 1.98110E+03	 2.61961E+04
 1.98524E+03	 2.62231E+04
 1.98938E+03	 2.62646E+04
 1.99352E+03	 2.62923E+04
 1.99765E+03	 2.63303E+04
 2.00179E+03	 2.63563E+04
 2.00592E+03	 2.63933E+04
 2.01005E+03	 2.64346E+04
 2.01417E+03	 2.64814E+04
 2.01830E+03	 2.65077E+04
 2.02242E+03	 2.65523E+04
 2.02654E+03	 2.66148E+04
 2.03066E+03	 2.66461E+04
 2.03478E+03	 2.66938E+04
 2.03889E+03	 2.67349E+04
 2.04301E+03	 2.67554E+04
 2.04712E+03	 2.67821E+04
 2.05123E+03	 2.68088E+04
 2.05533E+03	 2.68676E+04
 2.05944E+03	 2.69178E+04
 2.06354E+03	 2.69536E+04
 2.06764E+03	 2.69672E+04
 2.07174E+03	 2.70081E+04
 2.07583E+03	 2.70443E+04
 2.07993E+03	 2.70839E+04
 2.08402E+03	 2.71071E+04
 2.08811E+03	 2.71557E+04
 2.09219E+03	 2.71867E+04
 2.09628E+03	 2.72133E+04
 2.10036E+03	 2.72578E+04
 2.10444E+03	 2.72927E+04
 2.10852E+03	 2.73273E+04
 2.11260E+03	 2.73579E+04
 2.11668E+03	 2.73903E+04
 2.12075E+03	 2.74275E+04
 2.12482E+03	 2.74839E+04
 2.12889E+03	 2.75177E+04
 2.13296E+03	 2.75655E+04
 2.13702E+03	 2.76094E+04
 2.14108E+03	 2.76316E+04
 2.14514E+03	 2.76738E+04
 2.14920E+03	 2.77172E+04
 2.15326E+03	 2.77593E+04
 2.15731E+03	 2.78143E+04
 2.16137E+03	 2.78649E+04
 2.16542E+03	 2.78932E+04
 2.16946E+03	 2.79269E+04
 2.17351E+03	 2.79447E+04
 2.17755E+03	 2.79893E+04
 2.18160E+03	 2.80101E+04
 2.18564E+03	 2.80466E+04
 2.18967E+03	 2.81008E+04
 2.19371E+03	 2.81327E+04
 2.19774E+03	 2.81613E+04
 2.20178E+03	 2.81976E+04
 2.20581E+03	 2.82179E+04
 2.20983E+03	 2.82760E+04
 2.21386E+03	 2.83076E+04
 2.21788E+03	 2.83525E+04
 2.22190E+03	 2.83793E+04
 2.22592E+03	 2.84167E+04
 2.22994E+03	 2.84489E+04
 2.23396E+03	 2.84819E+04
 2.23797E+03	 2.85283E+04
 2.24198E+03	 2.85440E+04
 2.24599E+03	 2.85733E+04
 2.25000E+03	 2.86282E+04
 2.25401E+03	 2.86598E+04
 2.25801E+03	 2.86921E+04
 2.26201E+03	 2.87475E+04
 2.26601E+03	 2.87568E+04
 2.27001E+03	 2.88039E+04
 2.27400E+03	 2.88273E+04
 2.27800E+03	 2.88662E+04
 2.28199E+03	 2.89243E+04
 2.28598E+03	 2.89337E+04
 2.28996E+03	 2.89929E+04
 2.29395E+03	 2.89917E+04
 2.29793E+03	 2.90286E+04
 2.30191E+03	 2.90699E+04
 2.30589E+03	 2.90991E+04
 2.30987E+03	 2.91256E+04
 2.31384E+03	 2.91596E+04
 2.31782E+03	 2.92133E+04
 2.32179E+03	 2.92294E+04
 2.32576E+03	 2.92616E+04
 2.32973E+03	 2.92869E+04
 2.33369E+03	 2.93208E+04
 2.33765E+03	 2.93584E+04
 2.34162E+03	 2.93868E+04
 2.34557E+03	 2.94358E+04
 2.34953E+03	 2.94676E+04
 2.35349E+03	 2.94968E+04
 2.35744E+03	 2.95744E+04
 2.36139E+03	 2.95910E+04
 2.36534E+03	 2.95971E+04
 2.36929E+03	 2.96478E+04
 2.37323E+03	 2.96937E+04
 2.37718E+03	 2.97284E+04
 2.38112E+03	 2.97463E+04
 2.38506E+03	 2.97782E+04
 2.38900E+03	 2.98003E+04
 2.39293E+03	 2.98325E+04
 2.39686E+03	 2.98509E+04
 2.40080E+03	 2.98777E+04
 2.40473E+03	 2.99043E+04
 2.40865E+03	 2.99776E+04
 2.41258E+03	 2.99979E+04
 2.41650E+03	 3.00295E+04
 2.42042E+03	 3.00572E+04
 2.42434E+03	 3.00998E+04
 2.42826E+03	 3.01136E+04
 2.43218E+03	 3.01647E+04
 2.43609E+03	 3.01836E+04
 2.44000E+03	 3.02101E+04
 2.44391E+03	 3.02548E+04
 2.44782E+03	 3.03127E+04
 2.45173E+03	 3.03196E+04
 2.45563E+03	 3.03887E+04
 2.45953E+03	 3.03881E+04
 2.46343E+03	 3.04209E+04
 2.46733E+03	 3.04808E+04
 2.47123E+03	 3.05211E+04
 2.47512E+03	 3.05297E+04
 2.47902E+03	 3.05512E+04
 2.48291E+03	 3.06083E+04
 2.48679E+03	 3.06346E+04
 2.49068E+03	 3.06686E+04
 2.49457E+03	 3.06998E+04
 2.49845E+03	 3.07193E+04
 2.50233E+03	 3.07646E+04
 2.50621E+03	 3.08155E+04
 2.51008E+03	 3.08343E+04
 2.51396E+03	 3.08403E+04
 2.51783E+03	 3.08623E+04
 2.52170E+03	 3.09399E+04
 2.52557E+03	 3.09396E+04
 2.52944E+03	 3.09790E+04
 2.53331E+03	 3.10220E+04
 2.53717E+03	 3.10788E+04
 2.54103E+03	 3.10708E+04
 2.54489E+03	 3.11242E+04
 2.54875E+03	 3.11528E+04
 2.55260E+03	 3.11808E+04
 2.55646E+03	 3.12418E+04
 2.56031E+03	 3.12538E+04
 2.56416E+03	 3.12859E+04
 2.56801E+03	 3.13141E+04
 2.57185E+03	 3.13567E+04
 2.57570E+03	 3.13935E+04
 2.57954E+03	 3.14398E+04
 2.58338E+03	 3.14569E+04
 2.58722E+03	 3.14903E+04
 2.59105E+03	 3.14995E+04
 2.59489E+03	 3.15408E+04
 2.59872E+03	 3.15678E+04
 2.60255E+03	 3.16009E+04
 2.60638E+03	 3.16396E+04
 2.61021E+03	 3.16723E+04
 2.61403E+03	 3.17178E+04
 2.61786E+03	 3.17379E+04
 2.62168E+03	 3.17792E+04
 2.62550E+03	 3.18019E+04
 2.62932E+03	 3.18021E+04
 2.63313E+03	 3.18663E+04
 2.63695E+03	 3.18957E+04
 2.64076E+03	 3.19307E+04
 2.64457E+03	 3.19699E+04
 2.64838E+03	 3.19812E+04
 2.65218E+03	 3.20249E+04
 2.65599E+03	 3.20597E+04
 2.65979E+03	 3.20930E+04
 2.66359E+03	 3.21274E+04
 2.66739E+03	 3.21753E+04
 2.67118E+03	 3.21993E+04
 2.67498E+03	 3.22389E+04
 2.67877E+03	 3.23061E+04
 2.68256E+03	 3.23216E+04
 2.68635E+03	 3.23485E+04
 2.69014E+03	 3.23713E+04
 2.69393E+03	 3.24088E+04
 2.69771E+03	 3.24429E+04
 2.70149E+03	 3.24611E+04
 2.70527E+03	 3.25113E+04
 2.70905E+03	 3.25244E+04
 2.71283E+03	 3.25632E+04
 2.71660E+03	 3.25901E+04
 2.72037E+03	 3.26448E+04
 2.72414E+03	 3.26573E+04
 2.72791E+03	 3.26857E+04
 2.73168E+03	 3.27609E+04
 2.73544E+03	 3.27677E+04
 2.73921E+03	 3.28143E+04
 2.74297E+03	 3.28528E+04
 2.74673E+03	 3.28928E+04
 2.75049E+03	 3.29189E+04
 2.75424E+03	 3.29543E+04
 2.75800E+03	 3.29924E+04
 2.76175E+03	 3.30291E+04
 2.76550E+03	 3.30846E+04
 2.76925E+03	 3.31239E+04
 2.77299E+03	 3.31471E+04
 2.77674E+03	 3.31668E+04
 2.78048E+03	 3.32161E+04
 2.78422E+03	 3.32574E+04
 2.78796E+03	 3.32741E+04
 2.79170E+03	 3.33363E+04
 2.79544E+03	 3.33579E+04
 2.79917E+03	 3.33955E+04
 2.80290E+03	 3.34484E+04
 2.80663E+03	 3.34561E+04
 2.81036E+03	 3.34944E+04
 2.81409E+03	 3.35369E+04
 2.81781E+03	 3.35423E+04
 2.82153E+03	 3.36259E+04
 2.82525E+03	 3.36663E+04
 2.82897E+03	 3.36881E+04
 2.83269E+03	 3.37149E+04
 2.83641E+03	 3.37691E+04
 2.84012E+03	 3.38078E+04
 2.84383E+03	 3.38249E+04
 2.84754E+03	 3.38733E+04
 2.85125E+03	 3.39149E+04
 2.85496E+03	 3.39525E+04
 2.85866E+03	 3.39817E+04
 2.86236E+03	 3.40071E+04
 2.86606E+03	 3.40389E+04
 2.86976E+03	 3.40805E+04
 2.87346E+03	 3.41246E+04
 2.87716E+03	 3.41712E+04
 2.88085E+03	 3.41943E+04
 2.88454E+03	 3.42376E+04
 2.88823E+03	 3.42642E+04
 2.89192E+03	 3.43171E+04
 2.89561E+03	 3.43281E+04
 2.89929E+03	 3.43709E+04
 2.90297E+03	 3.44246E+04
 2.90666E+03	 3.44536E+04
 2.91033E+03	 3.44871E+04
 2.91401E+03	 3.45344E+04
 2.91769E+03	 3.45646E+04
 2.92136E+03	 3.45809E+04
 2.92503E+03	 3.46221E+04
 2.92870E+03	 3.46673E+04
 2.93237E+03	 3.46844E+04
 2.93604E+03	 3.47421E+04
 2.93970E+03	 3.47626E+04
 2.94337E+03	 3.48284E+04
 2.94703E+03	 3.48226E+04
 2.95069E+03	 3.48914E+04
 2.95435E+03	 3.49375E+04
 2.95800E+03	 3.49784E+04
 2.96166E+03	 3.49858E+04
 2.96531E+03	 3.50589E+04
 2.96896E+03	 3.50887E+04
 2.97261E+03	 3.51334E+04
 2.97626E+03	 3.51659E+04
 2.97990E+03	 3.51984E+04
 2.98354E+03	 3.52452E+04
 2.98719E+03	 3.52834E+04
 2.99083E+03	 3.53342E+04
 2.99446E+03	 3.53596E+04
 2.99810E+03	 3.54123E+04
 3.00174E+03	 3.54689E+04
 3.00537E+03	 3.55014E+04
 3.00900E+03	 3.55179E+04
 3.01263E+03	 3.55646E+04
 3.01626E+03	 3.55938E+04
 3.01988E+03	 3.56229E+04
 3.02351E+03	 3.56797E+04
 3.02713E+03	 3.57099E+04
 3.03075E+03	 3.57208E+04
 3.03437E+03	 3.57753E+04
 3.03799E+03	 3.57904E+04
 3.04160E+03	 3.58269E+04
 3.04521E+03	 3.58771E+04
 3.04883E+03	 3.58977E+04
 3.05244E+03	 3.59398E+04
 3.05605E+03	 3.59899E+04
 3.05965E+03	 3.60089E+04
 3.06326E+03	 3.60363E+04
 3.06686E+03	 3.60906E+04
 3.07046E+03	 3.61118E+04
 3.07406E+03	 3.61316E+04
 3.07766E+03	 3.62032E+04
 3.08125E+03	 3.62251E+04
 3.08485E+03	 3.62698E+04
 3.08844E+03	 3.63118E+04
 3.09203E+03	 3.63288E+04
 3.09562E+03	 3.63646E+04
 3.09921E+03	 3.64203E+04
 3.10280E+03	 3.64554E+04
 3.10638E+03	 3.64646E+04
 3.10996E+03	 3.65120E+04
 3.11354E+03	 3.65597E+04
 3.11712E+03	 3.65791E+04
 3.12070E+03	 3.66136E+04
 3.12427E+03	 3.66608E+04
 3.12785E+03	 3.66936E+04
 3.13142E+03	 3.67262E+04
 3.13499E+03	 3.67498E+04
 3.13856E+03	 3.67806E+04
 3.14212E+03	 3.68298E+04
 3.14569E+03	 3.68541E+04
 3.14925E+03	 3.69087E+04
 3.15281E+03	 3.69346E+04
 3.15637E+03	 3.69766E+04
 3.15993E+03	 3.70069E+04
 3.16349E+03	 3.70218E+04
 3.16704E+03	 3.70857E+04
 3.17060E+03	 3.70916E+04
 3.17415E+03	 3.71363E+04
 3.17770E+03	 3.71734E+04
 3.18124E+03	 3.72216E+04
 3.18479E+03	 3.72603E+04
 3.18834E+03	 3.72831E+04
 3.19188E+03	 3.73516E+04
 3.19542E+03	 3.74010E+04
 3.19896E+03	 3.74136E+04
 3.20250E+03	 3.74598E+04
 3.20603E+03	 3.74649E+04
 3.20957E+03	 3.75181E+04
 3.21310E+03	 3.75534E+04
 3.21663E+03	 3.76056E+04
 3.22016E+03	 3.76469E+04
 3.22369E+03	 3.76550E+04
 3.22721E+03	 3.77091E+04
 3.23074E+03	 3.77240E+04
 3.23426E+03	 3.77879E+04
 3.23778E+03	 3.78071E+04
 3.24130E+03	 3.78356E+04
 3.24481E+03	 3.78835E+04
 3.24833E+03	 3.79279E+04
 3.25184E+03	 3.79381E+04
 3.25536E+03	 3.79677E+04
 3.25887E+03	 3.80331E+04
 3.26238E+03	 3.80830E+04
 3.26588E+03	 3.81147E+04
 3.26939E+03	 3.81321E+04
 3.27289E+03	 3.81634E+04
 3.27639E+03	 3.82265E+04
 3.27989E+03	 3.82376E+04
 3.28339E+03	 3.82827E+04
 3.28689E+03	 3.83169E+04
 3.29039E+03	 3.83804E+04
 3.29388E+03	 3.83951E+04
 3.29737E+03	 3.84348E+04
 3.30086E+03	 3.85063E+04
 3.30435E+03	 3.85314E+04
 3.30784E+03	 3.85594E+04
 3.31132E+03	 3.85719E+04
 3.31481E+03	 3.86283E+04
 3.31829E+03	 3.86566E+04
 3.32177E+03	 3.86786E+04
 3.32525E+03	 3.87195E+04
 3.32873E+03	 3.87629E+04
 3.33220E+03	 3.87957E+04
 3.33567E+03	 3.88302E+04
 3.33915E+03	 3.88459E+04
 3.34262E+03	 3.88999E+04
 3.34609E+03	 3.89284E+04
 3.34955E+03	 3.89254E+04
 3.35302E+03	 3.89801E+04
 3.35648E+03	 3.90318E+04
 3.35994E+03	 3.90551E+04
 3.36341E+03	 3.90576E+04
 3.36686E+03	 3.91004E+04
 3.37032E+03	 3.91418E+04
 3.37378E+03	 3.91806E+04
 3.37723E+03	 3.91697E+04
 3.38068E+03	 3.92266E+04
 3.38413E+03	 3.92746E+04
 3.38758E+03	 3.92943E+04
 3.39103E+03	 3.93034E+04
 3.39448E+03	 3.93406E+04
 3.39792E+03	 3.93766E+04
 3.40136E+03	 3.93684E+04
 3.40480E+03	 3.94374E+04
 3.40824E+03	 3.94539E+04
 3.41168E+03	 3.94822E+04
 3.41512E+03	 3.95172E+04
 3.41855E+03	 3.95546E+04
 3.42198E+03	 3.95660E+04
 3.42541E+03	 3.95711E+04
 3.42884E+03	 3.96094E+04
 3.43227E+03	 3.96482E+04
 3.43570E+03	 3.96999E+04
 3.43912E+03	 3.97244E+04
 3.44254E+03	 3.97268E+04
 3.44597E+03	 3.97632E+04
 3.44939E+03	 3.98188E+04
 3.45280E+03	 3.98313E+04
 3.45622E+03	 3.98641E+04
 3.45963E+03	 3.98922E+04
 3.46305E+03	 3.99131E+04
 3.46646E+03	 3.99430E+04
 3.46987E+03	 4.00034E+04
 3.47328E+03	 4.00044E+04
 3.47668E+03	 4.00556E+04
 3.48009E+03	 4.01148E+04
 3.48349E+03	 4.01184E+04
 3.48689E+03	 4.01516E+04
 3.49029E+03	 4.02158E+04
 3.49369E+03	 4.02236E+04
 3.49709E+03	 4.02464E+04
 3.50049E+03	 4.02595E+04
 3.50388E+03	 4.02761E+04
 3.50727E+03	 4.03361E+04
 3.51066E+03	 4.03463E+04
 3.51405E+03	 4.04044E+04
 3.51744E+03	 4.04249E+04
 3.52082E+03	 4.04040E+04
 3.52421E+03	 4.04696E+04
 3.52759E+03	 4.04708E+04
 3.53097E+03	 4.05242E+04
 3.53435E+03	 4.05216E+04
 3.53773E+03	 4.05463E+04
 3.54110E+03	 4.06102E+04
 3.54448E+03	 4.06436E+04
 3.54785E+03	 4.06501E+04
 3.55122E+03	 4.07015E+04
 3.55459E+03	 4.07191E+04
 3.55796E+03	 4.07849E+04
 3.56133E+03	 4.07954E+04
 3.56469E+03	 4.08471E+04
 3.56806E+03	 4.08576E+04
 3.57142E+03	 4.08859E+04
 3.57478E+03	 4.09158E+04
 3.57814E+03	 4.09712E+04
 3.58149E+03	 4.09983E+04
 3.58485E+03	 4.09875E+04
 3.58820E+03	 4.10438E+04
 3.59156E+03	 4.10417E+04
 3.59491E+03	 4.10631E+04
 3.59826E+03	 4.11549E+04
 3.60160E+03	 4.11534E+04
 3.60495E+03	 4.11694E+04
 3.60829E+03	 4.11774E+04
 3.61164E+03	 4.12396E+04
 3.61498E+03	 4.12407E+04
 3.61832E+03	 4.12579E+04
 3.62166E+03	 4.13028E+04
 3.62499E+03	 4.13296E+04
 3.62833E+03	 4.13499E+04
 3.63166E+03	 4.13573E+04
 3.63499E+03	 4.13840E+04
 3.63832E+03	 4.14219E+04
 3.64165E+03	 4.14388E+04
 3.64498E+03	 4.14735E+04
 3.64831E+03	 4.14971E+04
 3.65163E+03	 4.14778E+04
 3.65495E+03	 4.15281E+04
 3.65827E+03	 4.15369E+04
 3.66159E+03	 4.15822E+04
 3.66491E+03	 4.15761E+04
 3.66823E+03	 4.16205E+04
 3.67154E+03	 4.16350E+04
 3.67485E+03	 4.16692E+04
 3.67817E+03	 4.16914E+04
 3.68148E+03	 4.16885E+04
 3.68478E+03	 4.17432E+04
 3.68809E+03	 4.17418E+04
 3.69140E+03	 4.17719E+04
 3.69470E+03	 4.17929E+04
 3.69800E+03	 4.17832E+04
 3.70130E+03	 4.17978E+04
 3.70460E+03	 4.18078E+04
 3.70790E+03	 4.18751E+04
 3.71120E+03	 4.18852E+04
 3.71449E+03	 4.18868E+04
 3.71778E+03	 4.19151E+04
 3.72108E+03	 4.19359E+04
 3.72437E+03	 4.19404E+04
 3.72765E+03	 4.19788E+04
 3.73094E+03	 4.19819E+04
 3.73423E+03	 4.20126E+04
 3.73751E+03	 4.20244E+04
 3.74079E+03	 4.20516E+04
 3.74407E+03	 4.20796E+04
 3.74735E+03	 4.21169E+04
 3.75063E+03	 4.21491E+04
 3.75391E+03	 4.21387E+04
 3.75718E+03	 4.21643E+04
 3.76045E+03	 4.21893E+04
 3.76373E+03	 4.22157E+04
 3.76700E+03	 4.22234E+04
 3.77026E+03	 4.22366E+04
 3.77353E+03	 4.22414E+04
 3.77680E+03	 4.22743E+04
 3.78006E+03	 4.22741E+04
 3.78332E+03	 4.23019E+04
 3.78658E+03	 4.23241E+04
 3.78984E+03	 4.23449E+04
 3.79310E+03	 4.23348E+04
 3.79636E+03	 4.23723E+04
 3.79961E+03	 4.23658E+04
 3.80287E+03	 4.23663E+04
 3.80612E+03	 4.24016E+04
 3.80937E+03	 4.24044E+04
 3.81262E+03	 4.24332E+04
 3.81586E+03	 4.24573E+04
 3.81911E+03	 4.24464E+04
 3.82235E+03	 4.25058E+04
 3.82560E+03	 4.24915E+04
 3.82884E+03	 4.25486E+04
 3.83208E+03	 4.25471E+04
 3.83532E+03	 4.25694E+04
 3.83855E+03	 4.25613E+04
 3.84179E+03	 4.25664E+04
 3.84502E+03	 4.26148E+04
 3.84825E+03	 4.25942E+04
 3.85148E+03	 4.26170E+04
 3.85471E+03	 4.26109E+04
 3.85794E+03	 4.26591E+04
 3.86117E+03	 4.26894E+04
 3.86439E+03	 4.26794E+04
 3.86762E+03	 4.26978E+04
 3.87084E+03	 4.26574E+04
 3.87406E+03	 4.26714E+04
 3.87728E+03	 4.27217E+04
 3.88049E+03	 4.27399E+04
 3.88371E+03	 4.27402E+04
 3.88692E+03	 4.27539E+04
 3.89014E+03	 4.27973E+04
 3.89335E+03	 4.27886E+04
 3.89656E+03	 4.27957E+04
 3.89977E+03	 4.28261E+04
 3.90297E+03	 4.28309E+04
 3.90618E+03	 4.28316E+04
 3.90938E+03	 4.28594E+04
 3.91258E+03	 4.28614E+04
 3.91579E+03	 4.28503E+04
 3.91898E+03	 4.28585E+04
 3.92218E+03	 4.28948E+04
 3.92538E+03	 4.29304E+04
 3.92857E+03	 4.29474E+04
 3.93177E+03	 4.29347E+04
 3.93496E+03	 4.29442E+04
 3.93815E+03	 4.29773E+04
 3.94134E+03	 4.30241E+04
 3.94453E+03	 4.30219E+04
 3.94771E+03	 4.29968E+04
 3.95090E+03	 4.29804E+04
 3.95408E+03	 4.30113E+04
 3.95726E+03	 4.30000E+04
 3.96044E+03	 4.30039E+04
 3.96362E+03	 4.29715E+04
 3.96680E+03	 4.30251E+04
 3.96997E+03	 4.30254E+04
 3.97315E+03	 4.30304E+04
 3.97632E+03	 4.30473E+04
 3.97949E+03	 4.30388E+04
 3.98266E+03	 4.30809E+04
 3.98583E+03	 4.30589E+04
 3.98900E+03	 4.30546E+04
 3.99216E+03	 4.30705E+04
 3.99533E+03	 4.30498E+04
 3.99849E+03	 4.30681E+04
 4.00165E+03	 4.30698E+04
 4.00481E+03	 4.30996E+04
 4.00797E+03	 4.30681E+04
 4.01113E+03	 4.30224E+04
 4.01428E+03	 4.31332E+04
 4.01744E+03	 4.31053E+04
 4.02059E+03	 4.31399E+04
 4.02374E+03	 4.31377E+04
 4.02689E+03	 4.31701E+04
 4.03004E+03	 4.31581E+04
 4.03318E+03	 4.31568E+04
 4.03633E+03	 4.31206E+04
 4.03947E+03	 4.31624E+04
 4.04262E+03	 4.31309E+04
 4.04576E+03	 4.30936E+04
 4.04890E+03	 4.31259E+04
 4.05203E+03	 4.30979E+04
 4.05517E+03	 4.31043E+04
 4.05831E+03	 4.31047E+04
 4.06144E+03	 4.26392E+04
