-1.03034E+02	 2.23845E+03
-9.77694E+01	 2.25675E+03
-9.25079E+01	 2.28880E+03
-8.72494E+01	 2.30975E+03
-8.19938E+01	 2.33725E+03
-7.67412E+01	 2.36470E+03
-7.14916E+01	 2.38810E+03
-6.62450E+01	 2.41655E+03
-6.10013E+01	 2.44395E+03
-5.57605E+01	 2.46885E+03
-5.05228E+01	 2.49520E+03
-4.52879E+01	 2.52485E+03
-4.00561E+01	 2.54660E+03
-3.48271E+01	 2.57465E+03
-2.96012E+01	 2.60520E+03
-2.43781E+01	 2.62705E+03
-1.91580E+01	 2.66115E+03
-1.39409E+01	 2.68475E+03
-8.72666E+00	 2.72000E+03
-3.51538E+00	 2.74830E+03
 1.69298E+00	 2.77195E+03
 6.89840E+00	 2.80825E+03
 1.21009E+01	 2.83260E+03
 1.73005E+01	 2.85820E+03
 2.24971E+01	 2.89110E+03
 2.76908E+01	 2.92390E+03
 3.28816E+01	 2.94855E+03
 3.80695E+01	 2.98585E+03
 4.32545E+01	 3.02155E+03
 4.84366E+01	 3.04515E+03
 5.36157E+01	 3.07940E+03
 5.87920E+01	 3.10405E+03
 6.39653E+01	 3.13925E+03
 6.91358E+01	 3.17115E+03
 7.43033E+01	 3.19755E+03
 7.94680E+01	 3.23235E+03
 8.46297E+01	 3.26775E+03
 8.97886E+01	 3.29300E+03
 9.49446E+01	 3.32885E+03
 1.00098E+02	 3.36000E+03
 1.05248E+02	 3.39655E+03
 1.10395E+02	 3.42650E+03
 1.15540E+02	 3.46045E+03
 1.20681E+02	 3.49615E+03
 1.25820E+02	 3.52215E+03
 1.30956E+02	 3.56420E+03
 1.36089E+02	 3.59630E+03
 1.41219E+02	 3.63555E+03
 1.46346E+02	 3.66730E+03
 1.51470E+02	 3.70305E+03
 1.56592E+02	 3.73545E+03
 1.61710E+02	 3.77320E+03
 1.66826E+02	 3.80980E+03
 1.71939E+02	 3.84485E+03
 1.77049E+02	 3.88460E+03
 1.82156E+02	 3.91790E+03
 1.87260E+02	 3.95535E+03
 1.92362E+02	 4.00100E+03
 1.97461E+02	 4.03585E+03
 2.02556E+02	 4.08180E+03
 2.07649E+02	 4.11695E+03
 2.12739E+02	 4.15375E+03
 2.17827E+02	 4.19530E+03
 2.22911E+02	 4.23325E+03
 2.27993E+02	 4.27870E+03
 2.33072E+02	 4.30840E+03
 2.38148E+02	 4.34240E+03
 2.43221E+02	 4.38210E+03
 2.48291E+02	 4.42785E+03
 2.53359E+02	 4.46185E+03
 2.58423E+02	 4.49965E+03
 2.63485E+02	 4.54310E+03
 2.68544E+02	 4.59000E+03
 2.73600E+02	 4.62580E+03
 2.78654E+02	 4.66705E+03
 2.83704E+02	 4.70855E+03
 2.88752E+02	 4.75215E+03
 2.93797E+02	 4.79175E+03
 2.98840E+02	 4.83785E+03
 3.03879E+02	 4.87810E+03
 3.08916E+02	 4.92205E+03
 3.13949E+02	 4.96040E+03
 3.18980E+02	 5.00815E+03
 3.24009E+02	 5.04905E+03
 3.29034E+02	 5.08540E+03
 3.34057E+02	 5.13090E+03
 3.39077E+02	 5.18085E+03
 3.44094E+02	 5.22425E+03
 3.49108E+02	 5.27100E+03
 3.54120E+02	 5.31620E+03
 3.59129E+02	 5.35710E+03
 3.64135E+02	 5.39985E+03
 3.69138E+02	 5.44055E+03
 3.74138E+02	 5.48235E+03
 3.79136E+02	 5.53605E+03
 3.84131E+02	 5.58300E+03
 3.89123E+02	 5.62515E+03
 3.94113E+02	 5.68435E+03
 3.99099E+02	 5.72440E+03
 4.04083E+02	 5.77575E+03
 4.09064E+02	 5.81350E+03
 4.14043E+02	 5.86950E+03
 4.19019E+02	 5.91320E+03
 4.23991E+02	 5.95920E+03
 4.28962E+02	 6.00975E+03
 4.33929E+02	 6.05515E+03
 4.38894E+02	 6.10625E+03
 4.43856E+02	 6.15935E+03
 4.48815E+02	 6.21250E+03
 4.53771E+02	 6.25515E+03
 4.58725E+02	 6.30470E+03
 4.63676E+02	 6.35605E+03
 4.68625E+02	 6.41020E+03
 4.73570E+02	 6.45885E+03
 4.78513E+02	 6.50015E+03
 4.83453E+02	 6.55280E+03
 4.88391E+02	 6.60690E+03
 4.93325E+02	 6.65890E+03
 4.98257E+02	 6.70990E+03
 5.03187E+02	 6.76720E+03
 5.08113E+02	 6.82105E+03
 5.13037E+02	 6.86730E+03
 5.17958E+02	 6.92440E+03
 5.22877E+02	 6.98095E+03
 5.27792E+02	 7.02690E+03
 5.32706E+02	 7.08320E+03
 5.37616E+02	 7.12590E+03
 5.42524E+02	 7.18015E+03
 5.47429E+02	 7.24960E+03
 5.52331E+02	 7.29655E+03
 5.57230E+02	 7.35985E+03
 5.62127E+02	 7.41525E+03
 5.67022E+02	 7.47440E+03
 5.71913E+02	 7.52340E+03
 5.76802E+02	 7.57490E+03
 5.81688E+02	 7.63635E+03
 5.86572E+02	 7.68965E+03
 5.91452E+02	 7.74055E+03
 5.96331E+02	 7.79310E+03
 6.01206E+02	 7.86245E+03
 6.06079E+02	 7.92330E+03
 6.10949E+02	 7.95715E+03
 6.15817E+02	 8.02695E+03
 6.20681E+02	 8.08575E+03
 6.25544E+02	 8.14795E+03
 6.30403E+02	 8.20615E+03
 6.35260E+02	 8.26310E+03
 6.40114E+02	 8.31520E+03
 6.44966E+02	 8.36915E+03
 6.49815E+02	 8.43735E+03
 6.54661E+02	 8.49200E+03
 6.59505E+02	 8.55950E+03
 6.64346E+02	 8.61435E+03
 6.69184E+02	 8.68245E+03
 6.74020E+02	 8.73040E+03
 6.78853E+02	 8.79850E+03
 6.83683E+02	 8.86425E+03
 6.88511E+02	 8.91100E+03
 6.93336E+02	 8.97350E+03
 6.98159E+02	 9.03860E+03
 7.02978E+02	 9.11145E+03
 7.07796E+02	 9.16300E+03
 7.12610E+02	 9.23790E+03
 7.17422E+02	 9.29095E+03
 7.22232E+02	 9.36375E+03
 7.27039E+02	 9.41855E+03
 7.31843E+02	 9.47735E+03
 7.36644E+02	 9.54630E+03
 7.41443E+02	 9.61355E+03
 7.46240E+02	 9.67665E+03
 7.51033E+02	 9.74680E+03
 7.55825E+02	 9.81895E+03
 7.60613E+02	 9.88330E+03
 7.65399E+02	 9.93935E+03
 7.70182E+02	 1.00132E+04
 7.74963E+02	 1.00767E+04
 7.79741E+02	 1.01481E+04
 7.84517E+02	 1.02173E+04
 7.89290E+02	 1.02838E+04
 7.94060E+02	 1.03560E+04
 7.98828E+02	 1.04132E+04
 8.03593E+02	 1.04850E+04
 8.08356E+02	 1.05508E+04
 8.13116E+02	 1.06163E+04
 8.17873E+02	 1.06999E+04
 8.22628E+02	 1.07545E+04
 8.27380E+02	 1.08413E+04
 8.32130E+02	 1.09093E+04
 8.36877E+02	 1.09755E+04
 8.41622E+02	 1.10552E+04
 8.46364E+02	 1.11185E+04
 8.51103E+02	 1.11845E+04
 8.55840E+02	 1.12578E+04
 8.60575E+02	 1.13370E+04
 8.65306E+02	 1.14058E+04
 8.70036E+02	 1.14728E+04
 8.74762E+02	 1.15500E+04
 8.79486E+02	 1.16100E+04
 8.84208E+02	 1.16950E+04
 8.88927E+02	 1.17702E+04
 8.93644E+02	 1.18184E+04
 8.98357E+02	 1.18961E+04
 9.03069E+02	 1.19994E+04
 9.07778E+02	 1.20527E+04
 9.12484E+02	 1.21329E+04
 9.17188E+02	 1.21999E+04
 9.21889E+02	 1.22840E+04
 9.26588E+02	 1.23478E+04
 9.31284E+02	 1.24275E+04
 9.35977E+02	 1.25010E+04
 9.40669E+02	 1.25766E+04
 9.45357E+02	 1.26598E+04
 9.50043E+02	 1.27362E+04
 9.54727E+02	 1.28217E+04
 9.59408E+02	 1.29063E+04
 9.64086E+02	 1.29632E+04
 9.68762E+02	 1.30495E+04
 9.73436E+02	 1.31242E+04
 9.78107E+02	 1.31988E+04
 9.82775E+02	 1.32760E+04
 9.87441E+02	 1.33502E+04
 9.92104E+02	 1.34385E+04
 9.96765E+02	 1.35170E+04
 1.00142E+03	 1.35939E+04
 1.00608E+03	 1.36853E+04
 1.01073E+03	 1.37505E+04
 1.01538E+03	 1.38176E+04
 1.02003E+03	 1.39077E+04
 1.02468E+03	 1.39963E+04
 1.02932E+03	 1.40680E+04
 1.03396E+03	 1.41560E+04
 1.03860E+03	 1.42339E+04
 1.04324E+03	 1.43225E+04
 1.04787E+03	 1.44020E+04
 1.05250E+03	 1.44880E+04
 1.05713E+03	 1.45573E+04
 1.06176E+03	 1.46503E+04
 1.06638E+03	 1.47337E+04
 1.07100E+03	 1.48144E+04
 1.07562E+03	 1.48858E+04
 1.08024E+03	 1.49748E+04
 1.08485E+03	 1.50492E+04
 1.08946E+03	 1.51420E+04
 1.09407E+03	 1.52265E+04
 1.09868E+03	 1.53138E+04
 1.10328E+03	 1.53840E+04
 1.10788E+03	 1.54827E+04
 1.11248E+03	 1.55671E+04
 1.11708E+03	 1.56572E+04
 1.12167E+03	 1.57311E+04
 1.12626E+03	 1.58017E+04
 1.13085E+03	 1.58939E+04
 1.13544E+03	 1.59833E+04
 1.14002E+03	 1.60663E+04
 1.14460E+03	 1.61473E+04
 1.14918E+03	 1.62284E+04
 1.15376E+03	 1.62988E+04
 1.15833E+03	 1.63844E+04
 1.16291E+03	 1.64678E+04
 1.16748E+03	 1.65584E+04
 1.17204E+03	 1.66449E+04
 1.17661E+03	 1.67477E+04
 1.18117E+03	 1.68161E+04
 1.18573E+03	 1.69043E+04
 1.19029E+03	 1.69837E+04
 1.19484E+03	 1.70717E+04
 1.19939E+03	 1.71778E+04
 1.20394E+03	 1.72614E+04
 1.20849E+03	 1.73419E+04
 1.21304E+03	 1.74342E+04
 1.21758E+03	 1.75364E+04
 1.22212E+03	 1.76180E+04
 1.22666E+03	 1.77226E+04
 1.23119E+03	 1.78019E+04
 1.23573E+03	 1.78937E+04
 1.24026E+03	 1.79956E+04
 1.24479E+03	 1.80851E+04
 1.24931E+03	 1.81760E+04
 1.25384E+03	 1.82583E+04
 1.25836E+03	 1.83546E+04
 1.26288E+03	 1.84219E+04
 1.26739E+03	 1.85262E+04
 1.27191E+03	 1.86018E+04
 1.27642E+03	 1.87106E+04
 1.28093E+03	 1.87500E+04
 1.28543E+03	 1.88576E+04
 1.28994E+03	 1.89452E+04
 1.29444E+03	 1.90267E+04
 1.29894E+03	 1.90797E+04
 1.30344E+03	 1.91613E+04
 1.30793E+03	 1.92194E+04
 1.31243E+03	 1.93226E+04
 1.31692E+03	 1.93751E+04
 1.32140E+03	 1.94826E+04
 1.32589E+03	 1.95321E+04
 1.33037E+03	 1.96246E+04
 1.33485E+03	 1.96962E+04
 1.33933E+03	 1.97695E+04
 1.34381E+03	 1.98357E+04
 1.34828E+03	 1.99202E+04
 1.35275E+03	 1.99859E+04
 1.35722E+03	 2.00629E+04
 1.36169E+03	 2.01261E+04
 1.36615E+03	 2.02090E+04
 1.37061E+03	 2.02751E+04
 1.37507E+03	 2.03582E+04
 1.37953E+03	 2.04196E+04
 1.38398E+03	 2.04812E+04
 1.38844E+03	 2.05457E+04
 1.39289E+03	 2.06336E+04
 1.39733E+03	 2.06818E+04
 1.40178E+03	 2.07491E+04
 1.40622E+03	 2.07981E+04
 1.41066E+03	 2.08891E+04
 1.41510E+03	 2.09416E+04
 1.41954E+03	 2.09938E+04
 1.42397E+03	 2.10565E+04
 1.42840E+03	 2.11341E+04
 1.43283E+03	 2.12126E+04
 1.43726E+03	 2.12667E+04
 1.44168E+03	 2.13423E+04
 1.44610E+03	 2.14079E+04
 1.45052E+03	 2.14743E+04
 1.45494E+03	 2.15483E+04
 1.45936E+03	 2.16150E+04
 1.46377E+03	 2.16777E+04
 1.46818E+03	 2.17368E+04
 1.47259E+03	 2.18214E+04
 1.47699E+03	 2.18738E+04
 1.48140E+03	 2.19525E+04
 1.48580E+03	 2.20131E+04
 1.49020E+03	 2.20660E+04
 1.49459E+03	 2.21816E+04
 1.49899E+03	 2.22206E+04
 1.50338E+03	 2.22948E+04
 1.50777E+03	 2.23528E+04
 1.51216E+03	 2.24069E+04
 1.51654E+03	 2.24537E+04
 1.52092E+03	 2.25257E+04
 1.52530E+03	 2.25932E+04
 1.52968E+03	 2.26769E+04
 1.53406E+03	 2.27333E+04
 1.53843E+03	 2.27666E+04
 1.54280E+03	 2.28476E+04
 1.54717E+03	 2.29267E+04
 1.55154E+03	 2.29693E+04
 1.55590E+03	 2.30173E+04
 1.56027E+03	 2.30964E+04
 1.56463E+03	 2.31675E+04
 1.56898E+03	 2.32336E+04
 1.57334E+03	 2.33046E+04
 1.57769E+03	 2.33718E+04
 1.58204E+03	 2.34239E+04
 1.58639E+03	 2.35028E+04
 1.59074E+03	 2.35568E+04
 1.59508E+03	 2.36291E+04
 1.59942E+03	 2.36756E+04
 1.60376E+03	 2.37628E+04
 1.60810E+03	 2.37934E+04
 1.61243E+03	 2.38636E+04
 1.61677E+03	 2.39253E+04
 1.62110E+03	 2.39898E+04
 1.62542E+03	 2.40518E+04
 1.62975E+03	 2.41032E+04
 1.63407E+03	 2.41626E+04
 1.63840E+03	 2.42308E+04
 1.64271E+03	 2.42692E+04
 1.64703E+03	 2.43641E+04
 1.65135E+03	 2.44173E+04
 1.65566E+03	 2.44661E+04
 1.65997E+03	 2.45246E+04
 1.66428E+03	 2.45895E+04
 1.66858E+03	 2.46838E+04
 1.67289E+03	 2.47337E+04
 1.67719E+03	 2.47927E+04
 1.68149E+03	 2.48406E+04
 1.68578E+03	 2.49084E+04
 1.69008E+03	 2.49433E+04
 1.69437E+03	 2.50325E+04
 1.69866E+03	 2.50817E+04
 1.70295E+03	 2.51521E+04
 1.70723E+03	 2.51874E+04
 1.71152E+03	 2.52553E+04
 1.71580E+03	 2.53258E+04
 1.72008E+03	 2.53812E+04
 1.72435E+03	 2.54405E+04
 1.72863E+03	 2.55094E+04
 1.73290E+03	 2.55513E+04
 1.73717E+03	 2.56176E+04
 1.74144E+03	 2.56720E+04
 1.74570E+03	 2.57345E+04
 1.74997E+03	 2.57960E+04
 1.75423E+03	 2.58617E+04
 1.75849E+03	 2.59186E+04
 1.76274E+03	 2.59899E+04
 1.76700E+03	 2.60341E+04
 1.77125E+03	 2.60918E+04
 1.77550E+03	 2.61511E+04
 1.77975E+03	 2.61986E+04
 1.78399E+03	 2.62460E+04
 1.78824E+03	 2.62992E+04
 1.79248E+03	 2.63257E+04
 1.79672E+03	 2.64367E+04
 1.80095E+03	 2.64656E+04
 1.80519E+03	 2.65293E+04
 1.80942E+03	 2.65572E+04
 1.81365E+03	 2.66171E+04
 1.81788E+03	 2.66875E+04
 1.82211E+03	 2.67593E+04
 1.82633E+03	 2.68071E+04
 1.83055E+03	 2.68754E+04
 1.83477E+03	 2.68991E+04
 1.83899E+03	 2.69794E+04
 1.84320E+03	 2.70290E+04
 1.84742E+03	 2.71027E+04
 1.85163E+03	 2.71443E+04
 1.85584E+03	 2.71632E+04
 1.86004E+03	 2.72271E+04
 1.86425E+03	 2.72862E+04
 1.86845E+03	 2.73413E+04
 1.87265E+03	 2.73901E+04
 1.87685E+03	 2.74343E+04
 1.88104E+03	 2.74669E+04
 1.88524E+03	 2.75211E+04
 1.88943E+03	 2.75683E+04
 1.89362E+03	 2.76209E+04
 1.89780E+03	 2.76633E+04
 1.90199E+03	 2.77292E+04
 1.90617E+03	 2.77613E+04
 1.91035E+03	 2.77823E+04
 1.91453E+03	 2.78381E+04
 1.91871E+03	 2.79079E+04
 1.92288E+03	 2.79519E+04
 1.92705E+03	 2.80027E+04
 1.93122E+03	 2.80594E+04
 1.93539E+03	 2.81205E+04
 1.93956E+03	 2.81483E+04
 1.94372E+03	 2.82032E+04
 1.94788E+03	 2.82604E+04
 1.95204E+03	 2.83045E+04
 1.95620E+03	 2.83314E+04
 1.96035E+03	 2.84119E+04
 1.96451E+03	 2.84617E+04
 1.96866E+03	 2.84688E+04
 1.97280E+03	 2.85163E+04
 1.97695E+03	 2.85861E+04
 1.98110E+03	 2.86058E+04
 1.98524E+03	 2.86793E+04
 1.98938E+03	 2.86773E+04
 1.99352E+03	 2.87269E+04
 1.99765E+03	 2.87697E+04
 2.00179E+03	 2.88245E+04
 2.00592E+03	 2.88732E+04
 2.01005E+03	 2.89109E+04
 2.01417E+03	 2.89583E+04
 2.01830E+03	 2.90081E+04
 2.02242E+03	 2.90678E+04
 2.02654E+03	 2.91078E+04
 2.03066E+03	 2.91733E+04
 2.03478E+03	 2.92232E+04
 2.03889E+03	 2.92572E+04
 2.04301E+03	 2.92907E+04
 2.04712E+03	 2.93277E+04
 2.05123E+03	 2.93751E+04
 2.05533E+03	 2.94082E+04
 2.05944E+03	 2.94801E+04
 2.06354E+03	 2.95154E+04
 2.06764E+03	 2.95374E+04
 2.07174E+03	 2.96007E+04
 2.07583E+03	 2.96121E+04
 2.07993E+03	 2.96564E+04
 2.08402E+03	 2.97193E+04
 2.08811E+03	 2.97551E+04
 2.09219E+03	 2.97892E+04
 2.09628E+03	 2.98179E+04
 2.10036E+03	 2.98569E+04
 2.10444E+03	 2.99177E+04
 2.10852E+03	 2.99491E+04
 2.11260E+03	 2.99732E+04
 2.11668E+03	 3.00382E+04
 2.12075E+03	 3.00816E+04
 2.12482E+03	 3.01476E+04
 2.12889E+03	 3.01884E+04
 2.13296E+03	 3.02296E+04
 2.13702E+03	 3.02726E+04
 2.14108E+03	 3.03096E+04
 2.14514E+03	 3.03483E+04
 2.14920E+03	 3.03981E+04
 2.15326E+03	 3.04488E+04
 2.15731E+03	 3.04809E+04
 2.16137E+03	 3.05500E+04
 2.16542E+03	 3.05889E+04
 2.16946E+03	 3.06107E+04
 2.17351E+03	 3.06465E+04
 2.17755E+03	 3.06829E+04
 2.18160E+03	 3.06988E+04
 2.18564E+03	 3.07616E+04
 2.18967E+03	 3.07943E+04
 2.19371E+03	 3.08358E+04
 2.19774E+03	 3.08487E+04
 2.20178E+03	 3.08826E+04
 2.20581E+03	 3.09479E+04
 2.20983E+03	 3.09760E+04
 2.21386E+03	 3.10299E+04
 2.21788E+03	 3.10577E+04
 2.22190E+03	 3.10887E+04
 2.22592E+03	 3.11143E+04
 2.22994E+03	 3.11712E+04
 2.23396E+03	 3.12074E+04
 2.23797E+03	 3.12534E+04
 2.24198E+03	 3.12694E+04
 2.24599E+03	 3.13032E+04
 2.25000E+03	 3.13546E+04
 2.25401E+03	 3.13919E+04
 2.25801E+03	 3.14366E+04
 2.26201E+03	 3.14846E+04
 2.26601E+03	 3.14931E+04
 2.27001E+03	 3.15486E+04
 2.27400E+03	 3.15671E+04
 2.27800E+03	 3.15983E+04
 2.28199E+03	 3.16864E+04
 2.28598E+03	 3.17036E+04
 2.28996E+03	 3.17371E+04
 2.29395E+03	 3.17770E+04
 2.29793E+03	 3.18044E+04
 2.30191E+03	 3.18336E+04
 2.30589E+03	 3.18778E+04
 2.30987E+03	 3.19127E+04
 2.31384E+03	 3.19454E+04
 2.31782E+03	 3.20063E+04
 2.32179E+03	 3.20055E+04
 2.32576E+03	 3.20584E+04
 2.32973E+03	 3.20937E+04
 2.33369E+03	 3.21318E+04
 2.33765E+03	 3.21838E+04
 2.34162E+03	 3.22181E+04
 2.34557E+03	 3.22283E+04
 2.34953E+03	 3.22774E+04
 2.35349E+03	 3.23352E+04
 2.35744E+03	 3.23805E+04
 2.36139E+03	 3.24288E+04
 2.36534E+03	 3.24522E+04
 2.36929E+03	 3.24988E+04
 2.37323E+03	 3.25376E+04
 2.37718E+03	 3.25606E+04
 2.38112E+03	 3.26010E+04
 2.38506E+03	 3.26389E+04
 2.38900E+03	 3.26903E+04
 2.39293E+03	 3.27393E+04
 2.39686E+03	 3.27601E+04
 2.40080E+03	 3.27874E+04
 2.40473E+03	 3.28106E+04
 2.40865E+03	 3.28673E+04
 2.41258E+03	 3.28994E+04
 2.41650E+03	 3.29319E+04
 2.42042E+03	 3.29736E+04
 2.42434E+03	 3.30223E+04
 2.42826E+03	 3.30718E+04
 2.43218E+03	 3.31112E+04
 2.43609E+03	 3.31483E+04
 2.44000E+03	 3.31884E+04
 2.44391E+03	 3.32261E+04
 2.44782E+03	 3.32711E+04
 2.45173E+03	 3.32872E+04
 2.45563E+03	 3.33505E+04
 2.45953E+03	 3.34011E+04
 2.46343E+03	 3.34344E+04
 2.46733E+03	 3.35137E+04
 2.47123E+03	 3.35398E+04
 2.47512E+03	 3.35659E+04
 2.47902E+03	 3.36070E+04
 2.48291E+03	 3.36672E+04
 2.48679E+03	 3.36708E+04
 2.49068E+03	 3.37056E+04
 2.49457E+03	 3.37511E+04
 2.49845E+03	 3.37879E+04
 2.50233E+03	 3.38357E+04
 2.50621E+03	 3.38823E+04
 2.51008E+03	 3.39289E+04
 2.51396E+03	 3.39738E+04
 2.51783E+03	 3.39801E+04
 2.52170E+03	 3.40599E+04
 2.52557E+03	 3.41014E+04
 2.52944E+03	 3.41411E+04
 2.53331E+03	 3.41620E+04
 2.53717E+03	 3.42367E+04
 2.54103E+03	 3.42550E+04
 2.54489E+03	 3.43071E+04
 2.54875E+03	 3.43303E+04
 2.55260E+03	 3.44025E+04
 2.55646E+03	 3.44300E+04
 2.56031E+03	 3.44709E+04
 2.56416E+03	 3.45091E+04
 2.56801E+03	 3.45596E+04
 2.57185E+03	 3.45913E+04
 2.57570E+03	 3.46304E+04
 2.57954E+03	 3.46783E+04
 2.58338E+03	 3.46943E+04
 2.58722E+03	 3.47416E+04
 2.59105E+03	 3.48055E+04
 2.59489E+03	 3.48444E+04
 2.59872E+03	 3.48632E+04
 2.60255E+03	 3.48934E+04
 2.60638E+03	 3.49488E+04
 2.61021E+03	 3.49787E+04
 2.61403E+03	 3.50807E+04
 2.61786E+03	 3.50619E+04
 2.62168E+03	 3.51309E+04
 2.62550E+03	 3.51738E+04
 2.62932E+03	 3.52040E+04
 2.63313E+03	 3.52248E+04
 2.63695E+03	 3.53059E+04
 2.64076E+03	 3.53304E+04
 2.64457E+03	 3.53863E+04
 2.64838E+03	 3.54124E+04
 2.65218E+03	 3.54832E+04
 2.65599E+03	 3.55058E+04
 2.65979E+03	 3.55677E+04
 2.66359E+03	 3.56151E+04
 2.66739E+03	 3.56654E+04
 2.67118E+03	 3.57046E+04
 2.67498E+03	 3.57581E+04
 2.67877E+03	 3.58277E+04
 2.68256E+03	 3.58521E+04
 2.68635E+03	 3.59034E+04
 2.69014E+03	 3.59154E+04
 2.69393E+03	 3.59903E+04
 2.69771E+03	 3.59912E+04
 2.70149E+03	 3.60459E+04
 2.70527E+03	 3.60757E+04
 2.70905E+03	 3.61294E+04
 2.71283E+03	 3.61616E+04
 2.71660E+03	 3.62462E+04
 2.72037E+03	 3.62558E+04
 2.72414E+03	 3.63262E+04
 2.72791E+03	 3.63469E+04
 2.73168E+03	 3.64098E+04
 2.73544E+03	 3.64431E+04
 2.73921E+03	 3.65093E+04
 2.74297E+03	 3.65465E+04
 2.74673E+03	 3.65997E+04
 2.75049E+03	 3.66292E+04
 2.75424E+03	 3.66831E+04
 2.75800E+03	 3.67327E+04
 2.76175E+03	 3.67739E+04
 2.76550E+03	 3.68213E+04
 2.76925E+03	 3.69065E+04
 2.77299E+03	 3.69421E+04
 2.77674E+03	 3.69968E+04
 2.78048E+03	 3.70383E+04
 2.78422E+03	 3.70746E+04
 2.78796E+03	 3.71173E+04
 2.79170E+03	 3.71857E+04
 2.79544E+03	 3.72208E+04
 2.79917E+03	 3.72744E+04
 2.80290E+03	 3.73000E+04
 2.80663E+03	 3.73388E+04
 2.81036E+03	 3.73853E+04
 2.81409E+03	 3.74469E+04
 2.81781E+03	 3.74661E+04
 2.82153E+03	 3.75504E+04
 2.82525E+03	 3.75763E+04
 2.82897E+03	 3.76503E+04
 2.83269E+03	 3.76666E+04
 2.83641E+03	 3.77271E+04
 2.84012E+03	 3.77790E+04
 2.84383E+03	 3.78211E+04
 2.84754E+03	 3.78707E+04
 2.85125E+03	 3.79201E+04
 2.85496E+03	 3.79639E+04
 2.85866E+03	 3.80158E+04
 2.86236E+03	 3.80599E+04
 2.86606E+03	 3.80976E+04
 2.86976E+03	 3.81371E+04
 2.87346E+03	 3.82384E+04
 2.87716E+03	 3.82321E+04
 2.88085E+03	 3.82936E+04
 2.88454E+03	 3.83568E+04
 2.88823E+03	 3.83931E+04
 2.89192E+03	 3.84551E+04
 2.89561E+03	 3.84763E+04
 2.89929E+03	 3.85248E+04
 2.90297E+03	 3.85726E+04
 2.90666E+03	 3.86093E+04
 2.91033E+03	 3.86824E+04
 2.91401E+03	 3.87403E+04
 2.91769E+03	 3.87476E+04
 2.92136E+03	 3.88011E+04
 2.92503E+03	 3.88404E+04
 2.92870E+03	 3.89021E+04
 2.93237E+03	 3.89438E+04
 2.93604E+03	 3.89814E+04
 2.93970E+03	 3.90112E+04
 2.94337E+03	 3.91184E+04
 2.94703E+03	 3.91254E+04
 2.95069E+03	 3.92086E+04
 2.95435E+03	 3.92959E+04
 2.95800E+03	 3.93056E+04
 2.96166E+03	 3.93146E+04
 2.96531E+03	 3.93949E+04
 2.96896E+03	 3.94314E+04
 2.97261E+03	 3.95239E+04
 2.97626E+03	 3.95499E+04
 2.97990E+03	 3.96031E+04
 2.98354E+03	 3.96514E+04
 2.98719E+03	 3.97218E+04
 2.99083E+03	 3.97569E+04
 2.99446E+03	 3.98271E+04
 2.99810E+03	 3.98693E+04
 3.00174E+03	 3.99289E+04
 3.00537E+03	 3.99926E+04
 3.00900E+03	 3.99987E+04
 3.01263E+03	 4.00430E+04
 3.01626E+03	 4.00896E+04
 3.01988E+03	 4.01471E+04
 3.02351E+03	 4.02048E+04
 3.02713E+03	 4.02432E+04
 3.03075E+03	 4.02983E+04
 3.03437E+03	 4.03409E+04
 3.03799E+03	 4.03664E+04
 3.04160E+03	 4.04317E+04
 3.04521E+03	 4.04779E+04
 3.04883E+03	 4.04917E+04
 3.05244E+03	 4.05710E+04
 3.05605E+03	 4.06006E+04
 3.05965E+03	 4.06337E+04
 3.06326E+03	 4.06953E+04
 3.06686E+03	 4.07693E+04
 3.07046E+03	 4.07916E+04
 3.07406E+03	 4.08158E+04
 3.07766E+03	 4.08686E+04
 3.08125E+03	 4.09191E+04
 3.08485E+03	 4.09913E+04
 3.08844E+03	 4.10160E+04
 3.09203E+03	 4.10632E+04
 3.09562E+03	 4.11411E+04
 3.09921E+03	 4.11652E+04
 3.10280E+03	 4.12098E+04
 3.10638E+03	 4.12694E+04
 3.10996E+03	 4.12991E+04
 3.11354E+03	 4.13828E+04
 3.11712E+03	 4.13874E+04
 3.12070E+03	 4.14456E+04
 3.12427E+03	 4.14764E+04
 3.12785E+03	 4.15438E+04
 3.13142E+03	 4.15791E+04
 3.13499E+03	 4.16183E+04
 3.13856E+03	 4.16784E+04
 3.14212E+03	 4.17250E+04
 3.14569E+03	 4.17471E+04
 3.14925E+03	 4.18009E+04
 3.15281E+03	 4.18756E+04
 3.15637E+03	 4.18716E+04
 3.15993E+03	 4.19627E+04
 3.16349E+03	 4.19749E+04
 3.16704E+03	 4.20234E+04
 3.17060E+03	 4.20836E+04
 3.17415E+03	 4.21421E+04
 3.17770E+03	 4.21593E+04
 3.18124E+03	 4.22336E+04
 3.18479E+03	 4.22933E+04
 3.18834E+03	 4.23155E+04
 3.19188E+03	 4.23866E+04
 3.19542E+03	 4.24194E+04
 3.19896E+03	 4.24893E+04
 3.20250E+03	 4.25338E+04
 3.20603E+03	 4.25432E+04
 3.20957E+03	 4.26148E+04
 3.21310E+03	 4.26615E+04
 3.21663E+03	 4.27173E+04
 3.22016E+03	 4.27944E+04
 3.22369E+03	 4.27997E+04
 3.22721E+03	 4.28768E+04
 3.23074E+03	 4.29135E+04
 3.23426E+03	 4.29529E+04
 3.23778E+03	 4.29889E+04
 3.24130E+03	 4.30399E+04
 3.24481E+03	 4.30838E+04
 3.24833E+03	 4.31429E+04
 3.25184E+03	 4.31770E+04
 3.25536E+03	 4.32039E+04
 3.25887E+03	 4.32946E+04
 3.26238E+03	 4.33514E+04
 3.26588E+03	 4.33858E+04
 3.26939E+03	 4.34301E+04
 3.27289E+03	 4.34654E+04
 3.27639E+03	 4.35374E+04
 3.27989E+03	 4.35624E+04
 3.28339E+03	 4.36079E+04
 3.28689E+03	 4.36914E+04
 3.29039E+03	 4.37273E+04
 3.29388E+03	 4.37671E+04
 3.29737E+03	 4.38038E+04
 3.30086E+03	 4.38921E+04
 3.30435E+03	 4.39056E+04
 3.30784E+03	 4.39803E+04
 3.31132E+03	 4.39984E+04
 3.31481E+03	 4.40774E+04
 3.31829E+03	 4.41010E+04
 3.32177E+03	 4.41489E+04
 3.32525E+03	 4.42084E+04
 3.32873E+03	 4.42168E+04
 3.33220E+03	 4.43019E+04
 3.33567E+03	 4.43139E+04
 3.33915E+03	 4.43711E+04
 3.34262E+03	 4.44167E+04
 3.34609E+03	 4.44573E+04
 3.34955E+03	 4.44809E+04
 3.35302E+03	 4.45476E+04
 3.35648E+03	 4.45924E+04
 3.35994E+03	 4.46219E+04
 3.36341E+03	 4.46618E+04
 3.36686E+03	 4.47210E+04
 3.37032E+03	 4.47376E+04
 3.37378E+03	 4.48001E+04
 3.37723E+03	 4.48030E+04
 3.38068E+03	 4.48500E+04
 3.38413E+03	 4.49281E+04
 3.38758E+03	 4.49492E+04
 3.39103E+03	 4.49912E+04
 3.39448E+03	 4.49898E+04
 3.39792E+03	 4.50633E+04
 3.40136E+03	 4.50847E+04
 3.40480E+03	 4.51316E+04
 3.40824E+03	 4.51541E+04
 3.41168E+03	 4.52198E+04
 3.41512E+03	 4.52353E+04
 3.41855E+03	 4.52651E+04
 3.42198E+03	 4.53163E+04
 3.42541E+03	 4.53414E+04
 3.42884E+03	 4.53990E+04
 3.43227E+03	 4.54327E+04
 3.43570E+03	 4.54881E+04
 3.43912E+03	 4.55414E+04
 3.44254E+03	 4.55486E+04
 3.44597E+03	 4.56048E+04
 3.44939E+03	 4.56436E+04
 3.45280E+03	 4.56596E+04
 3.45622E+03	 4.57326E+04
 3.45963E+03	 4.57709E+04
 3.46305E+03	 4.57836E+04
 3.46646E+03	 4.58206E+04
 3.46987E+03	 4.58786E+04
 3.47328E+03	 4.59354E+04
 3.47668E+03	 4.59597E+04
 3.48009E+03	 4.60224E+04
 3.48349E+03	 4.60785E+04
 3.48689E+03	 4.61079E+04
 3.49029E+03	 4.61476E+04
 3.49369E+03	 4.61778E+04
 3.49709E+03	 4.62469E+04
 3.50049E+03	 4.62474E+04
 3.50388E+03	 4.62899E+04
 3.50727E+03	 4.63197E+04
 3.51066E+03	 4.63682E+04
 3.51405E+03	 4.64214E+04
 3.51744E+03	 4.64544E+04
 3.52082E+03	 4.64623E+04
 3.52421E+03	 4.65326E+04
 3.52759E+03	 4.65393E+04
 3.53097E+03	 4.65996E+04
 3.53435E+03	 4.66214E+04
 3.53773E+03	 4.66383E+04
 3.54110E+03	 4.67165E+04
 3.54448E+03	 4.67505E+04
 3.54785E+03	 4.68022E+04
 3.55122E+03	 4.68354E+04
 3.55459E+03	 4.68733E+04
 3.55796E+03	 4.69183E+04
 3.56133E+03	 4.69766E+04
 3.56469E+03	 4.70265E+04
 3.56806E+03	 4.70640E+04
 3.57142E+03	 4.70837E+04
 3.57478E+03	 4.71371E+04
 3.57814E+03	 4.71791E+04
 3.58149E+03	 4.72170E+04
 3.58485E+03	 4.72423E+04
 3.58820E+03	 4.72892E+04
 3.59156E+03	 4.72947E+04
 3.59491E+03	 4.73546E+04
 3.59826E+03	 4.74296E+04
 3.60160E+03	 4.74411E+04
 3.60495E+03	 4.74889E+04
 3.60829E+03	 4.74784E+04
 3.61164E+03	 4.75035E+04
 3.61498E+03	 4.75637E+04
 3.61832E+03	 4.75804E+04
 3.62166E+03	 4.76668E+04
 3.62499E+03	 4.76696E+04
 3.62833E+03	 4.77062E+04
 3.63166E+03	 4.77024E+04
 3.63499E+03	 4.77456E+04
 3.63832E+03	 4.78034E+04
 3.64165E+03	 4.78174E+04
 3.64498E+03	 4.78353E+04
 3.64831E+03	 4.78805E+04
 3.65163E+03	 4.79264E+04
 3.65495E+03	 4.79591E+04
 3.65827E+03	 4.79543E+04
 3.66159E+03	 4.80211E+04
 3.66491E+03	 4.80134E+04
 3.66823E+03	 4.80599E+04
 3.67154E+03	 4.80969E+04
 3.67485E+03	 4.81452E+04
 3.67817E+03	 4.81671E+04
 3.68148E+03	 4.81811E+04
 3.68478E+03	 4.82419E+04
 3.68809E+03	 4.82446E+04
 3.69140E+03	 4.82743E+04
 3.69470E+03	 4.83204E+04
 3.69800E+03	 4.83487E+04
 3.70130E+03	 4.83569E+04
 3.70460E+03	 4.83844E+04
 3.70790E+03	 4.84186E+04
 3.71120E+03	 4.84516E+04
 3.71449E+03	 4.84494E+04
 3.71778E+03	 4.85017E+04
 3.72108E+03	 4.85194E+04
 3.72437E+03	 4.85415E+04
 3.72765E+03	 4.85809E+04
 3.73094E+03	 4.85896E+04
 3.73423E+03	 4.85967E+04
 3.73751E+03	 4.86201E+04
 3.74079E+03	 4.86549E+04
 3.74407E+03	 4.87096E+04
 3.74735E+03	 4.87669E+04
 3.75063E+03	 4.88197E+04
 3.75391E+03	 4.87966E+04
 3.75718E+03	 4.88504E+04
 3.76045E+03	 4.88471E+04
 3.76373E+03	 4.89161E+04
 3.76700E+03	 4.89171E+04
 3.77026E+03	 4.89371E+04
 3.77353E+03	 4.89339E+04
 3.77680E+03	 4.89541E+04
 3.78006E+03	 4.90019E+04
 3.78332E+03	 4.90394E+04
 3.78658E+03	 4.90714E+04
 3.78984E+03	 4.91049E+04
 3.79310E+03	 4.90903E+04
 3.79636E+03	 4.91238E+04
 3.79961E+03	 4.91391E+04
 3.80287E+03	 4.91759E+04
 3.80612E+03	 4.91983E+04
 3.80937E+03	 4.92023E+04
 3.81262E+03	 4.92391E+04
 3.81586E+03	 4.92649E+04
 3.81911E+03	 4.92600E+04
 3.82235E+03	 4.93106E+04
 3.82560E+03	 4.93160E+04
 3.82884E+03	 4.93741E+04
 3.83208E+03	 4.93970E+04
 3.83532E+03	 4.94078E+04
 3.83855E+03	 4.94447E+04
 3.84179E+03	 4.94365E+04
 3.84502E+03	 4.94826E+04
 3.84825E+03	 4.94461E+04
 3.85148E+03	 4.95113E+04
 3.85471E+03	 4.94952E+04
 3.85794E+03	 4.95267E+04
 3.86117E+03	 4.95916E+04
 3.86439E+03	 4.95534E+04
 3.86762E+03	 4.95918E+04
 3.87084E+03	 4.95904E+04
 3.87406E+03	 4.96101E+04
 3.87728E+03	 4.96189E+04
 3.88049E+03	 4.96591E+04
 3.88371E+03	 4.96815E+04
 3.88692E+03	 4.97265E+04
 3.89014E+03	 4.97343E+04
 3.89335E+03	 4.97597E+04
 3.89656E+03	 4.97642E+04
 3.89977E+03	 4.97799E+04
 3.90297E+03	 4.98068E+04
 3.90618E+03	 4.98358E+04
 3.90938E+03	 4.98431E+04
 3.91258E+03	 4.98876E+04
 3.91579E+03	 4.98861E+04
 3.91898E+03	 4.98511E+04
 3.92218E+03	 4.99119E+04
 3.92538E+03	 4.99308E+04
 3.92857E+03	 4.99702E+04
 3.93177E+03	 4.99765E+04
 3.93496E+03	 4.99896E+04
 3.93815E+03	 5.00303E+04
 3.94134E+03	 5.00601E+04
 3.94453E+03	 5.00586E+04
 3.94771E+03	 5.00797E+04
 3.95090E+03	 5.00741E+04
 3.95408E+03	 5.00689E+04
 3.95726E+03	 5.00773E+04
 3.96044E+03	 5.00538E+04
 3.96362E+03	 5.01125E+04
 3.96680E+03	 5.01236E+04
 3.96997E+03	 5.01226E+04
 3.97315E+03	 5.01320E+04
 3.97632E+03	 5.01484E+04
 3.97949E+03	 5.01326E+04
 3.98266E+03	 5.01649E+04
 3.98583E+03	 5.01856E+04
 3.98900E+03	 5.01763E+04
 3.99216E+03	 5.02084E+04
 3.99533E+03	 5.01599E+04
 3.99849E+03	 5.02321E+04
 4.00165E+03	 5.02298E+04
 4.00481E+03	 5.02301E+04
 4.00797E+03	 5.02285E+04
 4.01113E+03	 5.02110E+04
 4.01428E+03	 5.02864E+04
 4.01744E+03	 5.02491E+04
 4.02059E+03	 5.03236E+04
 4.02374E+03	 5.02999E+04
 4.02689E+03	 5.03329E+04
 4.03004E+03	 5.03434E+04
 4.03318E+03	 5.03466E+04
 4.03633E+03	 5.03416E+04
 4.03947E+03	 5.03658E+04
 4.04262E+03	 5.03337E+04
 4.04576E+03	 5.03273E+04
 4.04890E+03	 5.03546E+04
 4.05203E+03	 5.03229E+04
 4.05517E+03	 5.03192E+04
 4.05831E+03	 5.03244E+04
 4.06144E+03	 4.97718E+04
