-1.03034E+02	 2.29655E+03
-9.77694E+01	 2.31990E+03
-9.25079E+01	 2.34530E+03
-8.72494E+01	 2.37535E+03
-8.19938E+01	 2.39790E+03
-7.67412E+01	 2.42395E+03
-7.14916E+01	 2.45065E+03
-6.62450E+01	 2.47540E+03
-6.10013E+01	 2.50420E+03
-5.57605E+01	 2.52425E+03
-5.05228E+01	 2.55125E+03
-4.52879E+01	 2.58065E+03
-4.00561E+01	 2.59935E+03
-3.48271E+01	 2.63105E+03
-2.96012E+01	 2.66040E+03
-2.43781E+01	 2.68680E+03
-1.91580E+01	 2.71560E+03
-1.39409E+01	 2.74360E+03
-8.72666E+00	 2.77590E+03
-3.51538E+00	 2.79975E+03
 1.69298E+00	 2.82780E+03
 6.89840E+00	 2.85435E+03
 1.21009E+01	 2.88650E+03
 1.73005E+01	 2.91605E+03
 2.24971E+01	 2.94450E+03
 2.76908E+01	 2.97270E+03
 3.28816E+01	 3.00405E+03
 3.80695E+01	 3.03080E+03
 4.32545E+01	 3.06770E+03
 4.84366E+01	 3.09450E+03
 5.36157E+01	 3.13145E+03
 5.87920E+01	 3.15475E+03
 6.39653E+01	 3.18820E+03
 6.91358E+01	 3.21695E+03
 7.43033E+01	 3.24950E+03
 7.94680E+01	 3.27940E+03
 8.46297E+01	 3.31500E+03
 8.97886E+01	 3.33960E+03
 9.49446E+01	 3.37525E+03
 1.00098E+02	 3.40795E+03
 1.05248E+02	 3.43105E+03
 1.10395E+02	 3.46755E+03
 1.15540E+02	 3.49610E+03
 1.20681E+02	 3.53135E+03
 1.25820E+02	 3.56810E+03
 1.30956E+02	 3.60425E+03
 1.36089E+02	 3.63440E+03
 1.41219E+02	 3.66325E+03
 1.46346E+02	 3.69780E+03
 1.51470E+02	 3.73815E+03
 1.56592E+02	 3.77385E+03
 1.61710E+02	 3.81245E+03
 1.66826E+02	 3.84335E+03
 1.71939E+02	 3.87970E+03
 1.77049E+02	 3.91380E+03
 1.82156E+02	 3.95405E+03
 1.87260E+02	 3.98675E+03
 1.92362E+02	 4.02815E+03
 1.97461E+02	 4.06385E+03
 2.02556E+02	 4.10480E+03
 2.07649E+02	 4.13810E+03
 2.12739E+02	 4.18040E+03
 2.17827E+02	 4.21610E+03
 2.22911E+02	 4.25235E+03
 2.27993E+02	 4.29925E+03
 2.33072E+02	 4.32915E+03
 2.38148E+02	 4.36490E+03
 2.43221E+02	 4.40380E+03
 2.48291E+02	 4.43785E+03
 2.53359E+02	 4.47560E+03
 2.58423E+02	 4.52065E+03
 2.63485E+02	 4.55005E+03
 2.68544E+02	 4.59955E+03
 2.73600E+02	 4.63750E+03
 2.78654E+02	 4.67850E+03
 2.83704E+02	 4.71935E+03
 2.88752E+02	 4.75270E+03
 2.93797E+02	 4.79635E+03
 2.98840E+02	 4.83930E+03
 3.03879E+02	 4.87440E+03
 3.08916E+02	 4.91490E+03
 3.13949E+02	 4.96525E+03
 3.18980E+02	 4.99880E+03
 3.24009E+02	 5.04145E+03
 3.29034E+02	 5.08690E+03
 3.34057E+02	 5.12745E+03
 3.39077E+02	 5.17290E+03
 3.44094E+02	 5.20505E+03
 3.49108E+02	 5.25680E+03
 3.54120E+02	 5.29310E+03
 3.59129E+02	 5.34450E+03
 3.64135E+02	 5.39250E+03
 3.69138E+02	 5.43330E+03
 3.74138E+02	 5.47080E+03
 3.79136E+02	 5.52110E+03
 3.84131E+02	 5.56380E+03
 3.89123E+02	 5.60605E+03
 3.94113E+02	 5.65830E+03
 3.99099E+02	 5.70105E+03
 4.04083E+02	 5.73860E+03
 4.09064E+02	 5.79150E+03
 4.14043E+02	 5.82525E+03
 4.19019E+02	 5.88045E+03
 4.23991E+02	 5.92255E+03
 4.28962E+02	 5.97270E+03
 4.33929E+02	 6.01655E+03
 4.38894E+02	 6.06830E+03
 4.43856E+02	 6.11060E+03
 4.48815E+02	 6.16640E+03
 4.53771E+02	 6.21195E+03
 4.58725E+02	 6.25895E+03
 4.63676E+02	 6.30135E+03
 4.68625E+02	 6.35060E+03
 4.73570E+02	 6.40465E+03
 4.78513E+02	 6.45640E+03
 4.83453E+02	 6.50045E+03
 4.88391E+02	 6.55260E+03
 4.93325E+02	 6.59905E+03
 4.98257E+02	 6.65965E+03
 5.03187E+02	 6.69685E+03
 5.08113E+02	 6.75750E+03
 5.13037E+02	 6.80320E+03
 5.17958E+02	 6.85300E+03
 5.22877E+02	 6.91145E+03
 5.27792E+02	 6.95195E+03
 5.32706E+02	 7.00045E+03
 5.37616E+02	 7.05680E+03
 5.42524E+02	 7.11075E+03
 5.47429E+02	 7.15670E+03
 5.52331E+02	 7.21705E+03
 5.57230E+02	 7.26565E+03
 5.62127E+02	 7.33330E+03
 5.67022E+02	 7.37750E+03
 5.71913E+02	 7.42935E+03
 5.76802E+02	 7.48045E+03
 5.81688E+02	 7.53865E+03
 5.86572E+02	 7.58800E+03
 5.91452E+02	 7.64530E+03
 5.96331E+02	 7.69630E+03
 6.01206E+02	 7.74590E+03
 6.06079E+02	 7.81035E+03
 6.10949E+02	 7.85730E+03
 6.15817E+02	 7.91535E+03
 6.20681E+02	 7.95560E+03
 6.25544E+02	 8.02265E+03
 6.30403E+02	 8.08565E+03
 6.35260E+02	 8.13320E+03
 6.40114E+02	 8.18370E+03
 6.44966E+02	 8.24490E+03
 6.49815E+02	 8.30000E+03
 6.54661E+02	 8.36070E+03
 6.59505E+02	 8.41560E+03
 6.64346E+02	 8.47710E+03
 6.69184E+02	 8.53620E+03
 6.74020E+02	 8.57965E+03
 6.78853E+02	 8.65760E+03
 6.83683E+02	 8.70540E+03
 6.88511E+02	 8.75965E+03
 6.93336E+02	 8.80825E+03
 6.98159E+02	 8.87380E+03
 7.02978E+02	 8.95435E+03
 7.07796E+02	 8.99560E+03
 7.12610E+02	 9.06660E+03
 7.17422E+02	 9.11950E+03
 7.22232E+02	 9.18270E+03
 7.27039E+02	 9.23185E+03
 7.31843E+02	 9.30320E+03
 7.36644E+02	 9.36535E+03
 7.41443E+02	 9.43180E+03
 7.46240E+02	 9.48585E+03
 7.51033E+02	 9.55720E+03
 7.55825E+02	 9.61290E+03
 7.60613E+02	 9.66555E+03
 7.65399E+02	 9.73235E+03
 7.70182E+02	 9.79340E+03
 7.74963E+02	 9.86915E+03
 7.79741E+02	 9.92430E+03
 7.84517E+02	 9.98905E+03
 7.89290E+02	 1.00476E+04
 7.94060E+02	 1.01173E+04
 7.98828E+02	 1.01738E+04
 8.03593E+02	 1.02474E+04
 8.08356E+02	 1.03163E+04
 8.13116E+02	 1.03732E+04
 8.17873E+02	 1.04377E+04
 8.22628E+02	 1.05138E+04
 8.27380E+02	 1.05770E+04
 8.32130E+02	 1.06460E+04
 8.36877E+02	 1.07246E+04
 8.41622E+02	 1.07957E+04
 8.46364E+02	 1.08444E+04
 8.51103E+02	 1.09302E+04
 8.55840E+02	 1.09903E+04
 8.60575E+02	 1.10488E+04
 8.65306E+02	 1.11276E+04
 8.70036E+02	 1.11802E+04
 8.74762E+02	 1.12630E+04
 8.79486E+02	 1.13112E+04
 8.84208E+02	 1.13960E+04
 8.88927E+02	 1.14592E+04
 8.93644E+02	 1.15245E+04
 8.98357E+02	 1.15926E+04
 9.03069E+02	 1.16575E+04
 9.07778E+02	 1.17400E+04
 9.12484E+02	 1.18075E+04
 9.17188E+02	 1.18783E+04
 9.21889E+02	 1.19471E+04
 9.26588E+02	 1.20146E+04
 9.31284E+02	 1.20990E+04
 9.35977E+02	 1.21568E+04
 9.40669E+02	 1.22266E+04
 9.45357E+02	 1.23116E+04
 9.50043E+02	 1.23782E+04
 9.54727E+02	 1.24505E+04
 9.59408E+02	 1.25258E+04
 9.64086E+02	 1.25997E+04
 9.68762E+02	 1.26629E+04
 9.73436E+02	 1.27380E+04
 9.78107E+02	 1.28259E+04
 9.82775E+02	 1.28978E+04
 9.87441E+02	 1.29595E+04
 9.92104E+02	 1.30313E+04
 9.96765E+02	 1.31132E+04
 1.00142E+03	 1.31858E+04
 1.00608E+03	 1.32809E+04
 1.01073E+03	 1.33254E+04
 1.01538E+03	 1.34125E+04
 1.02003E+03	 1.34810E+04
 1.02468E+03	 1.35609E+04
 1.02932E+03	 1.36478E+04
 1.03396E+03	 1.37205E+04
 1.03860E+03	 1.37947E+04
 1.04324E+03	 1.38643E+04
 1.04787E+03	 1.39447E+04
 1.05250E+03	 1.40337E+04
 1.05713E+03	 1.41030E+04
 1.06176E+03	 1.41763E+04
 1.06638E+03	 1.42597E+04
 1.07100E+03	 1.43398E+04
 1.07562E+03	 1.44015E+04
 1.08024E+03	 1.45002E+04
 1.08485E+03	 1.45673E+04
 1.08946E+03	 1.46447E+04
 1.09407E+03	 1.47248E+04
 1.09868E+03	 1.48008E+04
 1.10328E+03	 1.48879E+04
 1.10788E+03	 1.49510E+04
 1.11248E+03	 1.50363E+04
 1.11708E+03	 1.51205E+04
 1.12167E+03	 1.52033E+04
 1.12626E+03	 1.52683E+04
 1.13085E+03	 1.53443E+04
 1.13544E+03	 1.54288E+04
 1.14002E+03	 1.55023E+04
 1.14460E+03	 1.55880E+04
 1.14918E+03	 1.56728E+04
 1.15376E+03	 1.57200E+04
 1.15833E+03	 1.58130E+04
 1.16291E+03	 1.58843E+04
 1.16748E+03	 1.59657E+04
 1.17204E+03	 1.60508E+04
 1.17661E+03	 1.61477E+04
 1.18117E+03	 1.62234E+04
 1.18573E+03	 1.62978E+04
 1.19029E+03	 1.63777E+04
 1.19484E+03	 1.64567E+04
 1.19939E+03	 1.65591E+04
 1.20394E+03	 1.66485E+04
 1.20849E+03	 1.67154E+04
 1.21304E+03	 1.67994E+04
 1.21758E+03	 1.68963E+04
 1.22212E+03	 1.69738E+04
 1.22666E+03	 1.70704E+04
 1.23119E+03	 1.71401E+04
 1.23573E+03	 1.72222E+04
 1.24026E+03	 1.73162E+04
 1.24479E+03	 1.74046E+04
 1.24931E+03	 1.74875E+04
 1.25384E+03	 1.75649E+04
 1.25836E+03	 1.76481E+04
 1.26288E+03	 1.77195E+04
 1.26739E+03	 1.78215E+04
 1.27191E+03	 1.78904E+04
 1.27642E+03	 1.79690E+04
 1.28093E+03	 1.80375E+04
 1.28543E+03	 1.81338E+04
 1.28994E+03	 1.81896E+04
 1.29444E+03	 1.82648E+04
 1.29894E+03	 1.83358E+04
 1.30344E+03	 1.84091E+04
 1.30793E+03	 1.84599E+04
 1.31243E+03	 1.85507E+04
 1.31692E+03	 1.86329E+04
 1.32140E+03	 1.86968E+04
 1.32589E+03	 1.87591E+04
 1.33037E+03	 1.88393E+04
 1.33485E+03	 1.88898E+04
 1.33933E+03	 1.89821E+04
 1.34381E+03	 1.90337E+04
 1.34828E+03	 1.90903E+04
 1.35275E+03	 1.91762E+04
 1.35722E+03	 1.92354E+04
 1.36169E+03	 1.93043E+04
 1.36615E+03	 1.93758E+04
 1.37061E+03	 1.94587E+04
 1.37507E+03	 1.95217E+04
 1.37953E+03	 1.95763E+04
 1.38398E+03	 1.96323E+04
 1.38844E+03	 1.96872E+04
 1.39289E+03	 1.97640E+04
 1.39733E+03	 1.98308E+04
 1.40178E+03	 1.98941E+04
 1.40622E+03	 1.99382E+04
 1.41066E+03	 2.00262E+04
 1.41510E+03	 2.00675E+04
 1.41954E+03	 2.01211E+04
 1.42397E+03	 2.01848E+04
 1.42840E+03	 2.02359E+04
 1.43283E+03	 2.03099E+04
 1.43726E+03	 2.03654E+04
 1.44168E+03	 2.04299E+04
 1.44610E+03	 2.04912E+04
 1.45052E+03	 2.05597E+04
 1.45494E+03	 2.06109E+04
 1.45936E+03	 2.06718E+04
 1.46377E+03	 2.07596E+04
 1.46818E+03	 2.08097E+04
 1.47259E+03	 2.08713E+04
 1.47699E+03	 2.09475E+04
 1.48140E+03	 2.10120E+04
 1.48580E+03	 2.10672E+04
 1.49020E+03	 2.11028E+04
 1.49459E+03	 2.11868E+04
 1.49899E+03	 2.12486E+04
 1.50338E+03	 2.13165E+04
 1.50777E+03	 2.13718E+04
 1.51216E+03	 2.14226E+04
 1.51654E+03	 2.14756E+04
 1.52092E+03	 2.15221E+04
 1.52530E+03	 2.15898E+04
 1.52968E+03	 2.16776E+04
 1.53406E+03	 2.17080E+04
 1.53843E+03	 2.17616E+04
 1.54280E+03	 2.18214E+04
 1.54717E+03	 2.18961E+04
 1.55154E+03	 2.19378E+04
 1.55590E+03	 2.19890E+04
 1.56027E+03	 2.20693E+04
 1.56463E+03	 2.21294E+04
 1.56898E+03	 2.21724E+04
 1.57334E+03	 2.22766E+04
 1.57769E+03	 2.23208E+04
 1.58204E+03	 2.23712E+04
 1.58639E+03	 2.24393E+04
 1.59074E+03	 2.24909E+04
 1.59508E+03	 2.25672E+04
 1.59942E+03	 2.26091E+04
 1.60376E+03	 2.26888E+04
 1.60810E+03	 2.27117E+04
 1.61243E+03	 2.27806E+04
 1.61677E+03	 2.28406E+04
 1.62110E+03	 2.28942E+04
 1.62542E+03	 2.29528E+04
 1.62975E+03	 2.30232E+04
 1.63407E+03	 2.30411E+04
 1.63840E+03	 2.31146E+04
 1.64271E+03	 2.31581E+04
 1.64703E+03	 2.32336E+04
 1.65135E+03	 2.33031E+04
 1.65566E+03	 2.33439E+04
 1.65997E+03	 2.33962E+04
 1.66428E+03	 2.34795E+04
 1.66858E+03	 2.35377E+04
 1.67289E+03	 2.35868E+04
 1.67719E+03	 2.36512E+04
 1.68149E+03	 2.37034E+04
 1.68578E+03	 2.37540E+04
 1.69008E+03	 2.38164E+04
 1.69437E+03	 2.38598E+04
 1.69866E+03	 2.39400E+04
 1.70295E+03	 2.39746E+04
 1.70723E+03	 2.40157E+04
 1.71152E+03	 2.40948E+04
 1.71580E+03	 2.41408E+04
 1.72008E+03	 2.41934E+04
 1.72435E+03	 2.42516E+04
 1.72863E+03	 2.43126E+04
 1.73290E+03	 2.43594E+04
 1.73717E+03	 2.44272E+04
 1.74144E+03	 2.44721E+04
 1.74570E+03	 2.45241E+04
 1.74997E+03	 2.45961E+04
 1.75423E+03	 2.46194E+04
 1.75849E+03	 2.47006E+04
 1.76274E+03	 2.47562E+04
 1.76700E+03	 2.48319E+04
 1.77125E+03	 2.48831E+04
 1.77550E+03	 2.49180E+04
 1.77975E+03	 2.49618E+04
 1.78399E+03	 2.50308E+04
 1.78824E+03	 2.50691E+04
 1.79248E+03	 2.51195E+04
 1.79672E+03	 2.51777E+04
 1.80095E+03	 2.52222E+04
 1.80519E+03	 2.52813E+04
 1.80942E+03	 2.53147E+04
 1.81365E+03	 2.53726E+04
 1.81788E+03	 2.54308E+04
 1.82211E+03	 2.54831E+04
 1.82633E+03	 2.55333E+04
 1.83055E+03	 2.55964E+04
 1.83477E+03	 2.56193E+04
 1.83899E+03	 2.56990E+04
 1.84320E+03	 2.57217E+04
 1.84742E+03	 2.57992E+04
 1.85163E+03	 2.58457E+04
 1.85584E+03	 2.58819E+04
 1.86004E+03	 2.59310E+04
 1.86425E+03	 2.59916E+04
 1.86845E+03	 2.60226E+04
 1.87265E+03	 2.60752E+04
 1.87685E+03	 2.61262E+04
 1.88104E+03	 2.61415E+04
 1.88524E+03	 2.61904E+04
 1.88943E+03	 2.62268E+04
 1.89362E+03	 2.62818E+04
 1.89780E+03	 2.63237E+04
 1.90199E+03	 2.63777E+04
 1.90617E+03	 2.64095E+04
 1.91035E+03	 2.64601E+04
 1.91453E+03	 2.65129E+04
 1.91871E+03	 2.65641E+04
 1.92288E+03	 2.65963E+04
 1.92705E+03	 2.66653E+04
 1.93122E+03	 2.67101E+04
 1.93539E+03	 2.67566E+04
 1.93956E+03	 2.68018E+04
 1.94372E+03	 2.68333E+04
 1.94788E+03	 2.69002E+04
 1.95204E+03	 2.69377E+04
 1.95620E+03	 2.69446E+04
 1.96035E+03	 2.70376E+04
 1.96451E+03	 2.70808E+04
 1.96866E+03	 2.71066E+04
 1.97280E+03	 2.71133E+04
 1.97695E+03	 2.71904E+04
 1.98110E+03	 2.72353E+04
 1.98524E+03	 2.72656E+04
 1.98938E+03	 2.73100E+04
 1.99352E+03	 2.73256E+04
 1.99765E+03	 2.73818E+04
 2.00179E+03	 2.74434E+04
 2.00592E+03	 2.74428E+04
 2.01005E+03	 2.75122E+04
 2.01417E+03	 2.75480E+04
 2.01830E+03	 2.75989E+04
 2.02242E+03	 2.76270E+04
 2.02654E+03	 2.76812E+04
 2.03066E+03	 2.77297E+04
 2.03478E+03	 2.77701E+04
 2.03889E+03	 2.78191E+04
 2.04301E+03	 2.78646E+04
 2.04712E+03	 2.78992E+04
 2.05123E+03	 2.79223E+04
 2.05533E+03	 2.79488E+04
 2.05944E+03	 2.80283E+04
 2.06354E+03	 2.80760E+04
 2.06764E+03	 2.80882E+04
 2.07174E+03	 2.81332E+04
 2.07583E+03	 2.81615E+04
 2.07993E+03	 2.82097E+04
 2.08402E+03	 2.82144E+04
 2.08811E+03	 2.82789E+04
 2.09219E+03	 2.83159E+04
 2.09628E+03	 2.83304E+04
 2.10036E+03	 2.84030E+04
 2.10444E+03	 2.84304E+04
 2.10852E+03	 2.84747E+04
 2.11260E+03	 2.84977E+04
 2.11668E+03	 2.85803E+04
 2.12075E+03	 2.85928E+04
 2.12482E+03	 2.86426E+04
 2.12889E+03	 2.86957E+04
 2.13296E+03	 2.87327E+04
 2.13702E+03	 2.87637E+04
 2.14108E+03	 2.87943E+04
 2.14514E+03	 2.88487E+04
 2.14920E+03	 2.89060E+04
 2.15326E+03	 2.89464E+04
 2.15731E+03	 2.89738E+04
 2.16137E+03	 2.90366E+04
 2.16542E+03	 2.90653E+04
 2.16946E+03	 2.90927E+04
 2.17351E+03	 2.91162E+04
 2.17755E+03	 2.91697E+04
 2.18160E+03	 2.91913E+04
 2.18564E+03	 2.92506E+04
 2.18967E+03	 2.92678E+04
 2.19371E+03	 2.93241E+04
 2.19774E+03	 2.93293E+04
 2.20178E+03	 2.93848E+04
 2.20581E+03	 2.94159E+04
 2.20983E+03	 2.94385E+04
 2.21386E+03	 2.94891E+04
 2.21788E+03	 2.95184E+04
 2.22190E+03	 2.95553E+04
 2.22592E+03	 2.95829E+04
 2.22994E+03	 2.96219E+04
 2.23396E+03	 2.96482E+04
 2.23797E+03	 2.96927E+04
 2.24198E+03	 2.97235E+04
 2.24599E+03	 2.97619E+04
 2.25000E+03	 2.98082E+04
 2.25401E+03	 2.98536E+04
 2.25801E+03	 2.99157E+04
 2.26201E+03	 2.99347E+04
 2.26601E+03	 2.99220E+04
 2.27001E+03	 2.99901E+04
 2.27400E+03	 3.00131E+04
 2.27800E+03	 3.00509E+04
 2.28199E+03	 3.01024E+04
 2.28598E+03	 3.01182E+04
 2.28996E+03	 3.01525E+04
 2.29395E+03	 3.01908E+04
 2.29793E+03	 3.02242E+04
 2.30191E+03	 3.02491E+04
 2.30589E+03	 3.02795E+04
 2.30987E+03	 3.03155E+04
 2.31384E+03	 3.03597E+04
 2.31782E+03	 3.03793E+04
 2.32179E+03	 3.04103E+04
 2.32576E+03	 3.04539E+04
 2.32973E+03	 3.04943E+04
 2.33369E+03	 3.05094E+04
 2.33765E+03	 3.05632E+04
 2.34162E+03	 3.06161E+04
 2.34557E+03	 3.06433E+04
 2.34953E+03	 3.06808E+04
 2.35349E+03	 3.07233E+04
 2.35744E+03	 3.07743E+04
 2.36139E+03	 3.07882E+04
 2.36534E+03	 3.08306E+04
 2.36929E+03	 3.08771E+04
 2.37323E+03	 3.08906E+04
 2.37718E+03	 3.09456E+04
 2.38112E+03	 3.09678E+04
 2.38506E+03	 3.09989E+04
 2.38900E+03	 3.10373E+04
 2.39293E+03	 3.10809E+04
 2.39686E+03	 3.11087E+04
 2.40080E+03	 3.11197E+04
 2.40473E+03	 3.11499E+04
 2.40865E+03	 3.12085E+04
 2.41258E+03	 3.12533E+04
 2.41650E+03	 3.12782E+04
 2.42042E+03	 3.13113E+04
 2.42434E+03	 3.13528E+04
 2.42826E+03	 3.13889E+04
 2.43218E+03	 3.14320E+04
 2.43609E+03	 3.14529E+04
 2.44000E+03	 3.15281E+04
 2.44391E+03	 3.15422E+04
 2.44782E+03	 3.15988E+04
 2.45173E+03	 3.16069E+04
 2.45563E+03	 3.16765E+04
 2.45953E+03	 3.16815E+04
 2.46343E+03	 3.17349E+04
 2.46733E+03	 3.17916E+04
 2.47123E+03	 3.18365E+04
 2.47512E+03	 3.18298E+04
 2.47902E+03	 3.18876E+04
 2.48291E+03	 3.19417E+04
 2.48679E+03	 3.19533E+04
 2.49068E+03	 3.19824E+04
 2.49457E+03	 3.20244E+04
 2.49845E+03	 3.20591E+04
 2.50233E+03	 3.20914E+04
 2.50621E+03	 3.21606E+04
 2.51008E+03	 3.21946E+04
 2.51396E+03	 3.22089E+04
 2.51783E+03	 3.22216E+04
 2.52170E+03	 3.22861E+04
 2.52557E+03	 3.23404E+04
 2.52944E+03	 3.23698E+04
 2.53331E+03	 3.24045E+04
 2.53717E+03	 3.24423E+04
 2.54103E+03	 3.24867E+04
 2.54489E+03	 3.25390E+04
 2.54875E+03	 3.25496E+04
 2.55260E+03	 3.26143E+04
 2.55646E+03	 3.26551E+04
 2.56031E+03	 3.27088E+04
 2.56416E+03	 3.27125E+04
 2.56801E+03	 3.27712E+04
 2.57185E+03	 3.28175E+04
 2.57570E+03	 3.28466E+04
 2.57954E+03	 3.28611E+04
 2.58338E+03	 3.29068E+04
 2.58722E+03	 3.29283E+04
 2.59105E+03	 3.29894E+04
 2.59489E+03	 3.30130E+04
 2.59872E+03	 3.30628E+04
 2.60255E+03	 3.30754E+04
 2.60638E+03	 3.31081E+04
 2.61021E+03	 3.31513E+04
 2.61403E+03	 3.32296E+04
 2.61786E+03	 3.32460E+04
 2.62168E+03	 3.32766E+04
 2.62550E+03	 3.33208E+04
 2.62932E+03	 3.33423E+04
 2.63313E+03	 3.33959E+04
 2.63695E+03	 3.34334E+04
 2.64076E+03	 3.34766E+04
 2.64457E+03	 3.35108E+04
 2.64838E+03	 3.35241E+04
 2.65218E+03	 3.36001E+04
 2.65599E+03	 3.36344E+04
 2.65979E+03	 3.36657E+04
 2.66359E+03	 3.37283E+04
 2.66739E+03	 3.37465E+04
 2.67118E+03	 3.38064E+04
 2.67498E+03	 3.38554E+04
 2.67877E+03	 3.39066E+04
 2.68256E+03	 3.39441E+04
 2.68635E+03	 3.39831E+04
 2.69014E+03	 3.39841E+04
 2.69393E+03	 3.40511E+04
 2.69771E+03	 3.40709E+04
 2.70149E+03	 3.41148E+04
 2.70527E+03	 3.41369E+04
 2.70905E+03	 3.42005E+04
 2.71283E+03	 3.42441E+04
 2.71660E+03	 3.42917E+04
 2.72037E+03	 3.43034E+04
 2.72414E+03	 3.43531E+04
 2.72791E+03	 3.43789E+04
 2.73168E+03	 3.44536E+04
 2.73544E+03	 3.44875E+04
 2.73921E+03	 3.45306E+04
 2.74297E+03	 3.45702E+04
 2.74673E+03	 3.46287E+04
 2.75049E+03	 3.46579E+04
 2.75424E+03	 3.46826E+04
 2.75800E+03	 3.47509E+04
 2.76175E+03	 3.47779E+04
 2.76550E+03	 3.48320E+04
 2.76925E+03	 3.48929E+04
 2.77299E+03	 3.49104E+04
 2.77674E+03	 3.49601E+04
 2.78048E+03	 3.50131E+04
 2.78422E+03	 3.50389E+04
 2.78796E+03	 3.50957E+04
 2.79170E+03	 3.51456E+04
 2.79544E+03	 3.51740E+04
 2.79917E+03	 3.52497E+04
 2.80290E+03	 3.52776E+04
 2.80663E+03	 3.52854E+04
 2.81036E+03	 3.53414E+04
 2.81409E+03	 3.54004E+04
 2.81781E+03	 3.54037E+04
 2.82153E+03	 3.54828E+04
 2.82525E+03	 3.55178E+04
 2.82897E+03	 3.55759E+04
 2.83269E+03	 3.56026E+04
 2.83641E+03	 3.56561E+04
 2.84012E+03	 3.57030E+04
 2.84383E+03	 3.57258E+04
 2.84754E+03	 3.58068E+04
 2.85125E+03	 3.58269E+04
 2.85496E+03	 3.58628E+04
 2.85866E+03	 3.59074E+04
 2.86236E+03	 3.59624E+04
 2.86606E+03	 3.59874E+04
 2.86976E+03	 3.60231E+04
 2.87346E+03	 3.60694E+04
 2.87716E+03	 3.61156E+04
 2.88085E+03	 3.61523E+04
 2.88454E+03	 3.62321E+04
 2.88823E+03	 3.62529E+04
 2.89192E+03	 3.63006E+04
 2.89561E+03	 3.63304E+04
 2.89929E+03	 3.63808E+04
 2.90297E+03	 3.64306E+04
 2.90666E+03	 3.64622E+04
 2.91033E+03	 3.65242E+04
 2.91401E+03	 3.66033E+04
 2.91769E+03	 3.66041E+04
 2.92136E+03	 3.66166E+04
 2.92503E+03	 3.66764E+04
 2.92870E+03	 3.67486E+04
 2.93237E+03	 3.67704E+04
 2.93604E+03	 3.68149E+04
 2.93970E+03	 3.68379E+04
 2.94337E+03	 3.69174E+04
 2.94703E+03	 3.69349E+04
 2.95069E+03	 3.69889E+04
 2.95435E+03	 3.70668E+04
 2.95800E+03	 3.71001E+04
 2.96166E+03	 3.71131E+04
 2.96531E+03	 3.71878E+04
 2.96896E+03	 3.72163E+04
 2.97261E+03	 3.72895E+04
 2.97626E+03	 3.73372E+04
 2.97990E+03	 3.73851E+04
 2.98354E+03	 3.74169E+04
 2.98719E+03	 3.74763E+04
 2.99083E+03	 3.75196E+04
 2.99446E+03	 3.75706E+04
 2.99810E+03	 3.76104E+04
 3.00174E+03	 3.76701E+04
 3.00537E+03	 3.76982E+04
 3.00900E+03	 3.77238E+04
 3.01263E+03	 3.77801E+04
 3.01626E+03	 3.78076E+04
 3.01988E+03	 3.78529E+04
 3.02351E+03	 3.79278E+04
 3.02713E+03	 3.79419E+04
 3.03075E+03	 3.79833E+04
 3.03437E+03	 3.80569E+04
 3.03799E+03	 3.80624E+04
 3.04160E+03	 3.81249E+04
 3.04521E+03	 3.81708E+04
 3.04883E+03	 3.82057E+04
 3.05244E+03	 3.82541E+04
 3.05605E+03	 3.82596E+04
 3.05965E+03	 3.83147E+04
 3.06326E+03	 3.83583E+04
 3.06686E+03	 3.84091E+04
 3.07046E+03	 3.84478E+04
 3.07406E+03	 3.84689E+04
 3.07766E+03	 3.85399E+04
 3.08125E+03	 3.85903E+04
 3.08485E+03	 3.86109E+04
 3.08844E+03	 3.86734E+04
 3.09203E+03	 3.87053E+04
 3.09562E+03	 3.87449E+04
 3.09921E+03	 3.87826E+04
 3.10280E+03	 3.88271E+04
 3.10638E+03	 3.88578E+04
 3.10996E+03	 3.89153E+04
 3.11354E+03	 3.89890E+04
 3.11712E+03	 3.90074E+04
 3.12070E+03	 3.90511E+04
 3.12427E+03	 3.90721E+04
 3.12785E+03	 3.91468E+04
 3.13142E+03	 3.91868E+04
 3.13499E+03	 3.92154E+04
 3.13856E+03	 3.92441E+04
 3.14212E+03	 3.93031E+04
 3.14569E+03	 3.93335E+04
 3.14925E+03	 3.93725E+04
 3.15281E+03	 3.94264E+04
 3.15637E+03	 3.94386E+04
 3.15993E+03	 3.94876E+04
 3.16349E+03	 3.95288E+04
 3.16704E+03	 3.95576E+04
 3.17060E+03	 3.96314E+04
 3.17415E+03	 3.96783E+04
 3.17770E+03	 3.96890E+04
 3.18124E+03	 3.97435E+04
 3.18479E+03	 3.98146E+04
 3.18834E+03	 3.98307E+04
 3.19188E+03	 3.99163E+04
 3.19542E+03	 3.99387E+04
 3.19896E+03	 3.99880E+04
 3.20250E+03	 4.00176E+04
 3.20603E+03	 4.00579E+04
 3.20957E+03	 4.01149E+04
 3.21310E+03	 4.01449E+04
 3.21663E+03	 4.02123E+04
 3.22016E+03	 4.02656E+04
 3.22369E+03	 4.02599E+04
 3.22721E+03	 4.03256E+04
 3.23074E+03	 4.03719E+04
 3.23426E+03	 4.04226E+04
 3.23778E+03	 4.04478E+04
 3.24130E+03	 4.04919E+04
 3.24481E+03	 4.05498E+04
 3.24833E+03	 4.05691E+04
 3.25184E+03	 4.06051E+04
 3.25536E+03	 4.06651E+04
 3.25887E+03	 4.07152E+04
 3.26238E+03	 4.07406E+04
 3.26588E+03	 4.08158E+04
 3.26939E+03	 4.08291E+04
 3.27289E+03	 4.08721E+04
 3.27639E+03	 4.09319E+04
 3.27989E+03	 4.09445E+04
 3.28339E+03	 4.10066E+04
 3.28689E+03	 4.10729E+04
 3.29039E+03	 4.11036E+04
 3.29388E+03	 4.11562E+04
 3.29737E+03	 4.11820E+04
 3.30086E+03	 4.12574E+04
 3.30435E+03	 4.12776E+04
 3.30784E+03	 4.13358E+04
 3.31132E+03	 4.13493E+04
 3.31481E+03	 4.14271E+04
 3.31829E+03	 4.14576E+04
 3.32177E+03	 4.14774E+04
 3.32525E+03	 4.15343E+04
 3.32873E+03	 4.15588E+04
 3.33220E+03	 4.16184E+04
 3.33567E+03	 4.16517E+04
 3.33915E+03	 4.16773E+04
 3.34262E+03	 4.17259E+04
 3.34609E+03	 4.17664E+04
 3.34955E+03	 4.17580E+04
 3.35302E+03	 4.18306E+04
 3.35648E+03	 4.19144E+04
 3.35994E+03	 4.19326E+04
 3.36341E+03	 4.19423E+04
 3.36686E+03	 4.19749E+04
 3.37032E+03	 4.20373E+04
 3.37378E+03	 4.20596E+04
 3.37723E+03	 4.20616E+04
 3.38068E+03	 4.21358E+04
 3.38413E+03	 4.21711E+04
 3.38758E+03	 4.22048E+04
 3.39103E+03	 4.22538E+04
 3.39448E+03	 4.22503E+04
 3.39792E+03	 4.23029E+04
 3.40136E+03	 4.23257E+04
 3.40480E+03	 4.23633E+04
 3.40824E+03	 4.23688E+04
 3.41168E+03	 4.24082E+04
 3.41512E+03	 4.24554E+04
 3.41855E+03	 4.24801E+04
 3.42198E+03	 4.25168E+04
 3.42541E+03	 4.25529E+04
 3.42884E+03	 4.25947E+04
 3.43227E+03	 4.26154E+04
 3.43570E+03	 4.26844E+04
 3.43912E+03	 4.27009E+04
 3.44254E+03	 4.27171E+04
 3.44597E+03	 4.27484E+04
 3.44939E+03	 4.27917E+04
 3.45280E+03	 4.28252E+04
 3.45622E+03	 4.28736E+04
 3.45963E+03	 4.28806E+04
 3.46305E+03	 4.29321E+04
 3.46646E+03	 4.29906E+04
 3.46987E+03	 4.30205E+04
 3.47328E+03	 4.30491E+04
 3.47668E+03	 4.30912E+04
 3.48009E+03	 4.31426E+04
 3.48349E+03	 4.31844E+04
 3.48689E+03	 4.32004E+04
 3.49029E+03	 4.32696E+04
 3.49369E+03	 4.32886E+04
 3.49709E+03	 4.33036E+04
 3.50049E+03	 4.33284E+04
 3.50388E+03	 4.33653E+04
 3.50727E+03	 4.33861E+04
 3.51066E+03	 4.34248E+04
 3.51405E+03	 4.34743E+04
 3.51744E+03	 4.35043E+04
 3.52082E+03	 4.34954E+04
 3.52421E+03	 4.35559E+04
 3.52759E+03	 4.35711E+04
 3.53097E+03	 4.36128E+04
 3.53435E+03	 4.36356E+04
 3.53773E+03	 4.36623E+04
 3.54110E+03	 4.37226E+04
 3.54448E+03	 4.37659E+04
 3.54785E+03	 4.38004E+04
 3.55122E+03	 4.38484E+04
 3.55459E+03	 4.38842E+04
 3.55796E+03	 4.39299E+04
 3.56133E+03	 4.39583E+04
 3.56469E+03	 4.40159E+04
 3.56806E+03	 4.40193E+04
 3.57142E+03	 4.40756E+04
 3.57478E+03	 4.40938E+04
 3.57814E+03	 4.41003E+04
 3.58149E+03	 4.41511E+04
 3.58485E+03	 4.41619E+04
 3.58820E+03	 4.42176E+04
 3.59156E+03	 4.42240E+04
 3.59491E+03	 4.42555E+04
 3.59826E+03	 4.43426E+04
 3.60160E+03	 4.43451E+04
 3.60495E+03	 4.43677E+04
 3.60829E+03	 4.43785E+04
 3.61164E+03	 4.44256E+04
 3.61498E+03	 4.44619E+04
 3.61832E+03	 4.44973E+04
 3.62166E+03	 4.45144E+04
 3.62499E+03	 4.45378E+04
 3.62833E+03	 4.45875E+04
 3.63166E+03	 4.45621E+04
 3.63499E+03	 4.46093E+04
 3.63832E+03	 4.46423E+04
 3.64165E+03	 4.46474E+04
 3.64498E+03	 4.46790E+04
 3.64831E+03	 4.47234E+04
 3.65163E+03	 4.47446E+04
 3.65495E+03	 4.47603E+04
 3.65827E+03	 4.47991E+04
 3.66159E+03	 4.48378E+04
 3.66491E+03	 4.48196E+04
 3.66823E+03	 4.48551E+04
 3.67154E+03	 4.48826E+04
 3.67485E+03	 4.49329E+04
 3.67817E+03	 4.49640E+04
 3.68148E+03	 4.49363E+04
 3.68478E+03	 4.50203E+04
 3.68809E+03	 4.49778E+04
 3.69140E+03	 4.50439E+04
 3.69470E+03	 4.50589E+04
 3.69800E+03	 4.50879E+04
 3.70130E+03	 4.50716E+04
 3.70460E+03	 4.51059E+04
 3.70790E+03	 4.51258E+04
 3.71120E+03	 4.51679E+04
 3.71449E+03	 4.51714E+04
 3.71778E+03	 4.51891E+04
 3.72108E+03	 4.52346E+04
 3.72437E+03	 4.52301E+04
 3.72765E+03	 4.52749E+04
 3.73094E+03	 4.52406E+04
 3.73423E+03	 4.52838E+04
 3.73751E+03	 4.53264E+04
 3.74079E+03	 4.53441E+04
 3.74407E+03	 4.53961E+04
 3.74735E+03	 4.54181E+04
 3.75063E+03	 4.54539E+04
 3.75391E+03	 4.54512E+04
 3.75718E+03	 4.54829E+04
 3.76045E+03	 4.54881E+04
 3.76373E+03	 4.55428E+04
 3.76700E+03	 4.55419E+04
 3.77026E+03	 4.55404E+04
 3.77353E+03	 4.55549E+04
 3.77680E+03	 4.55628E+04
 3.78006E+03	 4.55973E+04
 3.78332E+03	 4.56130E+04
 3.78658E+03	 4.56466E+04
 3.78984E+03	 4.56561E+04
 3.79310E+03	 4.56589E+04
 3.79636E+03	 4.56874E+04
 3.79961E+03	 4.56882E+04
 3.80287E+03	 4.57246E+04
 3.80612E+03	 4.57466E+04
 3.80937E+03	 4.57296E+04
 3.81262E+03	 4.57428E+04
 3.81586E+03	 4.57946E+04
 3.81911E+03	 4.58165E+04
 3.82235E+03	 4.58337E+04
 3.82560E+03	 4.58304E+04
 3.82884E+03	 4.58754E+04
 3.83208E+03	 4.58932E+04
 3.83532E+03	 4.58971E+04
 3.83855E+03	 4.59202E+04
 3.84179E+03	 4.59306E+04
 3.84502E+03	 4.59489E+04
 3.84825E+03	 4.59441E+04
 3.85148E+03	 4.59594E+04
 3.85471E+03	 4.59714E+04
 3.85794E+03	 4.59831E+04
 3.86117E+03	 4.60224E+04
 3.86439E+03	 4.60168E+04
 3.86762E+03	 4.60321E+04
 3.87084E+03	 4.60302E+04
 3.87406E+03	 4.60370E+04
 3.87728E+03	 4.60671E+04
 3.88049E+03	 4.60774E+04
 3.88371E+03	 4.60841E+04
 3.88692E+03	 4.61214E+04
 3.89014E+03	 4.61413E+04
 3.89335E+03	 4.61448E+04
 3.89656E+03	 4.61544E+04
 3.89977E+03	 4.61508E+04
 3.90297E+03	 4.62013E+04
 3.90618E+03	 4.61991E+04
 3.90938E+03	 4.62146E+04
 3.91258E+03	 4.62413E+04
 3.91579E+03	 4.62176E+04
 3.91898E+03	 4.61958E+04
 3.92218E+03	 4.62513E+04
 3.92538E+03	 4.62886E+04
 3.92857E+03	 4.62814E+04
 3.93177E+03	 4.62928E+04
 3.93496E+03	 4.63314E+04
 3.93815E+03	 4.63525E+04
 3.94134E+03	 4.63550E+04
 3.94453E+03	 4.63476E+04
 3.94771E+03	 4.63773E+04
 3.95090E+03	 4.63510E+04
 3.95408E+03	 4.63735E+04
 3.95726E+03	 4.63370E+04
 3.96044E+03	 4.63579E+04
 3.96362E+03	 4.63716E+04
 3.96680E+03	 4.64118E+04
 3.96997E+03	 4.64041E+04
 3.97315E+03	 4.64151E+04
 3.97632E+03	 4.63993E+04
 3.97949E+03	 4.63884E+04
 3.98266E+03	 4.64176E+04
 3.98583E+03	 4.64494E+04
 3.98900E+03	 4.64403E+04
 3.99216E+03	 4.64310E+04
 3.99533E+03	 4.64019E+04
 3.99849E+03	 4.64449E+04
 4.00165E+03	 4.64402E+04
 4.00481E+03	 4.64704E+04
 4.00797E+03	 4.64448E+04
 4.01113E+03	 4.63900E+04
 4.01428E+03	 4.64709E+04
 4.01744E+03	 4.64779E+04
 4.02059E+03	 4.65106E+04
 4.02374E+03	 4.64821E+04
 4.02689E+03	 4.65345E+04
 4.03004E+03	 4.65211E+04
 4.03318E+03	 4.65104E+04
 4.03633E+03	 4.64889E+04
 4.03947E+03	 4.65161E+04
 4.04262E+03	 4.64779E+04
 4.04576E+03	 4.64751E+04
 4.04890E+03	 4.64938E+04
 4.05203E+03	 4.64416E+04
 4.05517E+03	 4.64548E+04
 4.05831E+03	 4.64640E+04
 4.06144E+03	 4.59623E+04
