-1.03034E+02	 2.29630E+03
-9.77694E+01	 2.32275E+03
-9.25079E+01	 2.34820E+03
-8.72494E+01	 2.37025E+03
-8.19938E+01	 2.39375E+03
-7.67412E+01	 2.41795E+03
-7.14916E+01	 2.44395E+03
-6.62450E+01	 2.46490E+03
-6.10013E+01	 2.49045E+03
-5.57605E+01	 2.51685E+03
-5.05228E+01	 2.54040E+03
-4.52879E+01	 2.56780E+03
-4.00561E+01	 2.59715E+03
-3.48271E+01	 2.62065E+03
-2.96012E+01	 2.64980E+03
-2.43781E+01	 2.67415E+03
-1.91580E+01	 2.69985E+03
-1.39409E+01	 2.72835E+03
-8.72666E+00	 2.75050E+03
-3.51538E+00	 2.77505E+03
 1.69298E+00	 2.81520E+03
 6.89840E+00	 2.83640E+03
 1.21009E+01	 2.86375E+03
 1.73005E+01	 2.89145E+03
 2.24971E+01	 2.92025E+03
 2.76908E+01	 2.94685E+03
 3.28816E+01	 2.98205E+03
 3.80695E+01	 3.00675E+03
 4.32545E+01	 3.03805E+03
 4.84366E+01	 3.06835E+03
 5.36157E+01	 3.09670E+03
 5.87920E+01	 3.12330E+03
 6.39653E+01	 3.15405E+03
 6.91358E+01	 3.18590E+03
 7.43033E+01	 3.21400E+03
 7.94680E+01	 3.24820E+03
 8.46297E+01	 3.27845E+03
 8.97886E+01	 3.30180E+03
 9.49446E+01	 3.33325E+03
 1.00098E+02	 3.36615E+03
 1.05248E+02	 3.39685E+03
 1.10395E+02	 3.42810E+03
 1.15540E+02	 3.45515E+03
 1.20681E+02	 3.48775E+03
 1.25820E+02	 3.51865E+03
 1.30956E+02	 3.55180E+03
 1.36089E+02	 3.58265E+03
 1.41219E+02	 3.61825E+03
 1.46346E+02	 3.65095E+03
 1.51470E+02	 3.68015E+03
 1.56592E+02	 3.72180E+03
 1.61710E+02	 3.75725E+03
 1.66826E+02	 3.78650E+03
 1.71939E+02	 3.81640E+03
 1.77049E+02	 3.84870E+03
 1.82156E+02	 3.89265E+03
 1.87260E+02	 3.92690E+03
 1.92362E+02	 3.96565E+03
 1.97461E+02	 4.00395E+03
 2.02556E+02	 4.03590E+03
 2.07649E+02	 4.07420E+03
 2.12739E+02	 4.10095E+03
 2.17827E+02	 4.14520E+03
 2.22911E+02	 4.18205E+03
 2.27993E+02	 4.22060E+03
 2.33072E+02	 4.25535E+03
 2.38148E+02	 4.28765E+03
 2.43221E+02	 4.32375E+03
 2.48291E+02	 4.36470E+03
 2.53359E+02	 4.38870E+03
 2.58423E+02	 4.43245E+03
 2.63485E+02	 4.46990E+03
 2.68544E+02	 4.50520E+03
 2.73600E+02	 4.54700E+03
 2.78654E+02	 4.58425E+03
 2.83704E+02	 4.62075E+03
 2.88752E+02	 4.66180E+03
 2.93797E+02	 4.69005E+03
 2.98840E+02	 4.73935E+03
 3.03879E+02	 4.77610E+03
 3.08916E+02	 4.81000E+03
 3.13949E+02	 4.85470E+03
 3.18980E+02	 4.89135E+03
 3.24009E+02	 4.93465E+03
 3.29034E+02	 4.97540E+03
 3.34057E+02	 5.02120E+03
 3.39077E+02	 5.05195E+03
 3.44094E+02	 5.09960E+03
 3.49108E+02	 5.13755E+03
 3.54120E+02	 5.18300E+03
 3.59129E+02	 5.21095E+03
 3.64135E+02	 5.26660E+03
 3.69138E+02	 5.30560E+03
 3.74138E+02	 5.34580E+03
 3.79136E+02	 5.38700E+03
 3.84131E+02	 5.42980E+03
 3.89123E+02	 5.46755E+03
 3.94113E+02	 5.51605E+03
 3.99099E+02	 5.55485E+03
 4.04083E+02	 5.60085E+03
 4.09064E+02	 5.63915E+03
 4.14043E+02	 5.69245E+03
 4.19019E+02	 5.73315E+03
 4.23991E+02	 5.76870E+03
 4.28962E+02	 5.81480E+03
 4.33929E+02	 5.86115E+03
 4.38894E+02	 5.90700E+03
 4.43856E+02	 5.96080E+03
 4.48815E+02	 5.99630E+03
 4.53771E+02	 6.04055E+03
 4.58725E+02	 6.08950E+03
 4.63676E+02	 6.12945E+03
 4.68625E+02	 6.18040E+03
 4.73570E+02	 6.22345E+03
 4.78513E+02	 6.27785E+03
 4.83453E+02	 6.32055E+03
 4.88391E+02	 6.36920E+03
 4.93325E+02	 6.42525E+03
 4.98257E+02	 6.46260E+03
 5.03187E+02	 6.51090E+03
 5.08113E+02	 6.55060E+03
 5.13037E+02	 6.60025E+03
 5.17958E+02	 6.64955E+03
 5.22877E+02	 6.70515E+03
 5.27792E+02	 6.74460E+03
 5.32706E+02	 6.79775E+03
 5.37616E+02	 6.83845E+03
 5.42524E+02	 6.90335E+03
 5.47429E+02	 6.93965E+03
 5.52331E+02	 6.98975E+03
 5.57230E+02	 7.04070E+03
 5.62127E+02	 7.09595E+03
 5.67022E+02	 7.15255E+03
 5.71913E+02	 7.18855E+03
 5.76802E+02	 7.24450E+03
 5.81688E+02	 7.29005E+03
 5.86572E+02	 7.34480E+03
 5.91452E+02	 7.39115E+03
 5.96331E+02	 7.45350E+03
 6.01206E+02	 7.50280E+03
 6.06079E+02	 7.54755E+03
 6.10949E+02	 7.59585E+03
 6.15817E+02	 7.65235E+03
 6.20681E+02	 7.69695E+03
 6.25544E+02	 7.74805E+03
 6.30403E+02	 7.81310E+03
 6.35260E+02	 7.86190E+03
 6.40114E+02	 7.91170E+03
 6.44966E+02	 7.96705E+03
 6.49815E+02	 8.02725E+03
 6.54661E+02	 8.07565E+03
 6.59505E+02	 8.12635E+03
 6.64346E+02	 8.18035E+03
 6.69184E+02	 8.23745E+03
 6.74020E+02	 8.28005E+03
 6.78853E+02	 8.34090E+03
 6.83683E+02	 8.39385E+03
 6.88511E+02	 8.43810E+03
 6.93336E+02	 8.50335E+03
 6.98159E+02	 8.55480E+03
 7.02978E+02	 8.61035E+03
 7.07796E+02	 8.66675E+03
 7.12610E+02	 8.72585E+03
 7.17422E+02	 8.78505E+03
 7.22232E+02	 8.84350E+03
 7.27039E+02	 8.88735E+03
 7.31843E+02	 8.95060E+03
 7.36644E+02	 9.00500E+03
 7.41443E+02	 9.06050E+03
 7.46240E+02	 9.12295E+03
 7.51033E+02	 9.18455E+03
 7.55825E+02	 9.24815E+03
 7.60613E+02	 9.30530E+03
 7.65399E+02	 9.35810E+03
 7.70182E+02	 9.40795E+03
 7.74963E+02	 9.47305E+03
 7.79741E+02	 9.53760E+03
 7.84517E+02	 9.58305E+03
 7.89290E+02	 9.65530E+03
 7.94060E+02	 9.71120E+03
 7.98828E+02	 9.77870E+03
 8.03593E+02	 9.84485E+03
 8.08356E+02	 9.89925E+03
 8.13116E+02	 9.96040E+03
 8.17873E+02	 1.00173E+04
 8.22628E+02	 1.00780E+04
 8.27380E+02	 1.01318E+04
 8.32130E+02	 1.02111E+04
 8.36877E+02	 1.02669E+04
 8.41622E+02	 1.03320E+04
 8.46364E+02	 1.03958E+04
 8.51103E+02	 1.04481E+04
 8.55840E+02	 1.05160E+04
 8.60575E+02	 1.05827E+04
 8.65306E+02	 1.06530E+04
 8.70036E+02	 1.07166E+04
 8.74762E+02	 1.07675E+04
 8.79486E+02	 1.08445E+04
 8.84208E+02	 1.09132E+04
 8.88927E+02	 1.09691E+04
 8.93644E+02	 1.10269E+04
 8.98357E+02	 1.10900E+04
 9.03069E+02	 1.11462E+04
 9.07778E+02	 1.12260E+04
 9.12484E+02	 1.12778E+04
 9.17188E+02	 1.13408E+04
 9.21889E+02	 1.14188E+04
 9.26588E+02	 1.14783E+04
 9.31284E+02	 1.15394E+04
 9.35977E+02	 1.16148E+04
 9.40669E+02	 1.16777E+04
 9.45357E+02	 1.17517E+04
 9.50043E+02	 1.18080E+04
 9.54727E+02	 1.18807E+04
 9.59408E+02	 1.19580E+04
 9.64086E+02	 1.20137E+04
 9.68762E+02	 1.20910E+04
 9.73436E+02	 1.21576E+04
 9.78107E+02	 1.22343E+04
 9.82775E+02	 1.22990E+04
 9.87441E+02	 1.23590E+04
 9.92104E+02	 1.24312E+04
 9.96765E+02	 1.25013E+04
 1.00142E+03	 1.25737E+04
 1.00608E+03	 1.26531E+04
 1.01073E+03	 1.27145E+04
 1.01538E+03	 1.27786E+04
 1.02003E+03	 1.28493E+04
 1.02468E+03	 1.29238E+04
 1.02932E+03	 1.29891E+04
 1.03396E+03	 1.30566E+04
 1.03860E+03	 1.31442E+04
 1.04324E+03	 1.32125E+04
 1.04787E+03	 1.32783E+04
 1.05250E+03	 1.33587E+04
 1.05713E+03	 1.34172E+04
 1.06176E+03	 1.35018E+04
 1.06638E+03	 1.35717E+04
 1.07100E+03	 1.36485E+04
 1.07562E+03	 1.37118E+04
 1.08024E+03	 1.37853E+04
 1.08485E+03	 1.38623E+04
 1.08946E+03	 1.39227E+04
 1.09407E+03	 1.40089E+04
 1.09868E+03	 1.40735E+04
 1.10328E+03	 1.41485E+04
 1.10788E+03	 1.42200E+04
 1.11248E+03	 1.42916E+04
 1.11708E+03	 1.43733E+04
 1.12167E+03	 1.44409E+04
 1.12626E+03	 1.45051E+04
 1.13085E+03	 1.45681E+04
 1.13544E+03	 1.46503E+04
 1.14002E+03	 1.47308E+04
 1.14460E+03	 1.48055E+04
 1.14918E+03	 1.48688E+04
 1.15376E+03	 1.49452E+04
 1.15833E+03	 1.50373E+04
 1.16291E+03	 1.50835E+04
 1.16748E+03	 1.51637E+04
 1.17204E+03	 1.52490E+04
 1.17661E+03	 1.53271E+04
 1.18117E+03	 1.54035E+04
 1.18573E+03	 1.54640E+04
 1.19029E+03	 1.55543E+04
 1.19484E+03	 1.56204E+04
 1.19939E+03	 1.57061E+04
 1.20394E+03	 1.57830E+04
 1.20849E+03	 1.58527E+04
 1.21304E+03	 1.59378E+04
 1.21758E+03	 1.60228E+04
 1.22212E+03	 1.60877E+04
 1.22666E+03	 1.61737E+04
 1.23119E+03	 1.62585E+04
 1.23573E+03	 1.63265E+04
 1.24026E+03	 1.64161E+04
 1.24479E+03	 1.64930E+04
 1.24931E+03	 1.65811E+04
 1.25384E+03	 1.66374E+04
 1.25836E+03	 1.67378E+04
 1.26288E+03	 1.68077E+04
 1.26739E+03	 1.68831E+04
 1.27191E+03	 1.69502E+04
 1.27642E+03	 1.70468E+04
 1.28093E+03	 1.70924E+04
 1.28543E+03	 1.71594E+04
 1.28994E+03	 1.72408E+04
 1.29444E+03	 1.73239E+04
 1.29894E+03	 1.73565E+04
 1.30344E+03	 1.74276E+04
 1.30793E+03	 1.74754E+04
 1.31243E+03	 1.75673E+04
 1.31692E+03	 1.76328E+04
 1.32140E+03	 1.77108E+04
 1.32589E+03	 1.77611E+04
 1.33037E+03	 1.78315E+04
 1.33485E+03	 1.78871E+04
 1.33933E+03	 1.79575E+04
 1.34381E+03	 1.80200E+04
 1.34828E+03	 1.80832E+04
 1.35275E+03	 1.81337E+04
 1.35722E+03	 1.82096E+04
 1.36169E+03	 1.82727E+04
 1.36615E+03	 1.83417E+04
 1.37061E+03	 1.83890E+04
 1.37507E+03	 1.84618E+04
 1.37953E+03	 1.85191E+04
 1.38398E+03	 1.85746E+04
 1.38844E+03	 1.86280E+04
 1.39289E+03	 1.86963E+04
 1.39733E+03	 1.87487E+04
 1.40178E+03	 1.88085E+04
 1.40622E+03	 1.88563E+04
 1.41066E+03	 1.89111E+04
 1.41510E+03	 1.89563E+04
 1.41954E+03	 1.90061E+04
 1.42397E+03	 1.91007E+04
 1.42840E+03	 1.91462E+04
 1.43283E+03	 1.92004E+04
 1.43726E+03	 1.92491E+04
 1.44168E+03	 1.93036E+04
 1.44610E+03	 1.93826E+04
 1.45052E+03	 1.94338E+04
 1.45494E+03	 1.94803E+04
 1.45936E+03	 1.95375E+04
 1.46377E+03	 1.96093E+04
 1.46818E+03	 1.96594E+04
 1.47259E+03	 1.97007E+04
 1.47699E+03	 1.97761E+04
 1.48140E+03	 1.98357E+04
 1.48580E+03	 1.98982E+04
 1.49020E+03	 1.99372E+04
 1.49459E+03	 2.00107E+04
 1.49899E+03	 2.00661E+04
 1.50338E+03	 2.01294E+04
 1.50777E+03	 2.01743E+04
 1.51216E+03	 2.02264E+04
 1.51654E+03	 2.02714E+04
 1.52092E+03	 2.03209E+04
 1.52530E+03	 2.03983E+04
 1.52968E+03	 2.04510E+04
 1.53406E+03	 2.04882E+04
 1.53843E+03	 2.05437E+04
 1.54280E+03	 2.05993E+04
 1.54717E+03	 2.06617E+04
 1.55154E+03	 2.07158E+04
 1.55590E+03	 2.07601E+04
 1.56027E+03	 2.08153E+04
 1.56463E+03	 2.08882E+04
 1.56898E+03	 2.09383E+04
 1.57334E+03	 2.10110E+04
 1.57769E+03	 2.10528E+04
 1.58204E+03	 2.10982E+04
 1.58639E+03	 2.11578E+04
 1.59074E+03	 2.12272E+04
 1.59508E+03	 2.12654E+04
 1.59942E+03	 2.13130E+04
 1.60376E+03	 2.13938E+04
 1.60810E+03	 2.14168E+04
 1.61243E+03	 2.14797E+04
 1.61677E+03	 2.15219E+04
 1.62110E+03	 2.15791E+04
 1.62542E+03	 2.16274E+04
 1.62975E+03	 2.16997E+04
 1.63407E+03	 2.17380E+04
 1.63840E+03	 2.17989E+04
 1.64271E+03	 2.18369E+04
 1.64703E+03	 2.18932E+04
 1.65135E+03	 2.19541E+04
 1.65566E+03	 2.20009E+04
 1.65997E+03	 2.20580E+04
 1.66428E+03	 2.20984E+04
 1.66858E+03	 2.21832E+04
 1.67289E+03	 2.22325E+04
 1.67719E+03	 2.22883E+04
 1.68149E+03	 2.23313E+04
 1.68578E+03	 2.23739E+04
 1.69008E+03	 2.24303E+04
 1.69437E+03	 2.24668E+04
 1.69866E+03	 2.25350E+04
 1.70295E+03	 2.25928E+04
 1.70723E+03	 2.26269E+04
 1.71152E+03	 2.26804E+04
 1.71580E+03	 2.27431E+04
 1.72008E+03	 2.27879E+04
 1.72435E+03	 2.28252E+04
 1.72863E+03	 2.28783E+04
 1.73290E+03	 2.29594E+04
 1.73717E+03	 2.29901E+04
 1.74144E+03	 2.30286E+04
 1.74570E+03	 2.30988E+04
 1.74997E+03	 2.31595E+04
 1.75423E+03	 2.31729E+04
 1.75849E+03	 2.32322E+04
 1.76274E+03	 2.33109E+04
 1.76700E+03	 2.33429E+04
 1.77125E+03	 2.33978E+04
 1.77550E+03	 2.34322E+04
 1.77975E+03	 2.34746E+04
 1.78399E+03	 2.35396E+04
 1.78824E+03	 2.35786E+04
 1.79248E+03	 2.36107E+04
 1.79672E+03	 2.36817E+04
 1.80095E+03	 2.37048E+04
 1.80519E+03	 2.37691E+04
 1.80942E+03	 2.38038E+04
 1.81365E+03	 2.38558E+04
 1.81788E+03	 2.38928E+04
 1.82211E+03	 2.39624E+04
 1.82633E+03	 2.39944E+04
 1.83055E+03	 2.40497E+04
 1.83477E+03	 2.40916E+04
 1.83899E+03	 2.41458E+04
 1.84320E+03	 2.41793E+04
 1.84742E+03	 2.42539E+04
 1.85163E+03	 2.42732E+04
 1.85584E+03	 2.43157E+04
 1.86004E+03	 2.43663E+04
 1.86425E+03	 2.44121E+04
 1.86845E+03	 2.44493E+04
 1.87265E+03	 2.44947E+04
 1.87685E+03	 2.45205E+04
 1.88104E+03	 2.45743E+04
 1.88524E+03	 2.46008E+04
 1.88943E+03	 2.46481E+04
 1.89362E+03	 2.46758E+04
 1.89780E+03	 2.47096E+04
 1.90199E+03	 2.47652E+04
 1.90617E+03	 2.48076E+04
 1.91035E+03	 2.48191E+04
 1.91453E+03	 2.48833E+04
 1.91871E+03	 2.49333E+04
 1.92288E+03	 2.49566E+04
 1.92705E+03	 2.50058E+04
 1.93122E+03	 2.50830E+04
 1.93539E+03	 2.51162E+04
 1.93956E+03	 2.51341E+04
 1.94372E+03	 2.51818E+04
 1.94788E+03	 2.52359E+04
 1.95204E+03	 2.52661E+04
 1.95620E+03	 2.52883E+04
 1.96035E+03	 2.53638E+04
 1.96451E+03	 2.54012E+04
 1.96866E+03	 2.54248E+04
 1.97280E+03	 2.54475E+04
 1.97695E+03	 2.54972E+04
 1.98110E+03	 2.55209E+04
 1.98524E+03	 2.55821E+04
 1.98938E+03	 2.55899E+04
 1.99352E+03	 2.56337E+04
 1.99765E+03	 2.56700E+04
 2.00179E+03	 2.57164E+04
 2.00592E+03	 2.57442E+04
 2.01005E+03	 2.57659E+04
 2.01417E+03	 2.57996E+04
 2.01830E+03	 2.58611E+04
 2.02242E+03	 2.58997E+04
 2.02654E+03	 2.59512E+04
 2.03066E+03	 2.59794E+04
 2.03478E+03	 2.59948E+04
 2.03889E+03	 2.60501E+04
 2.04301E+03	 2.60958E+04
 2.04712E+03	 2.61122E+04
 2.05123E+03	 2.61542E+04
 2.05533E+03	 2.61768E+04
 2.05944E+03	 2.62324E+04
 2.06354E+03	 2.62616E+04
 2.06764E+03	 2.63071E+04
 2.07174E+03	 2.63384E+04
 2.07583E+03	 2.63543E+04
 2.07993E+03	 2.64189E+04
 2.08402E+03	 2.64279E+04
 2.08811E+03	 2.64914E+04
 2.09219E+03	 2.64953E+04
 2.09628E+03	 2.65192E+04
 2.10036E+03	 2.65636E+04
 2.10444E+03	 2.66094E+04
 2.10852E+03	 2.66437E+04
 2.11260E+03	 2.66626E+04
 2.11668E+03	 2.67115E+04
 2.12075E+03	 2.67484E+04
 2.12482E+03	 2.68048E+04
 2.12889E+03	 2.68413E+04
 2.13296E+03	 2.68743E+04
 2.13702E+03	 2.69296E+04
 2.14108E+03	 2.69568E+04
 2.14514E+03	 2.70044E+04
 2.14920E+03	 2.70418E+04
 2.15326E+03	 2.70807E+04
 2.15731E+03	 2.71093E+04
 2.16137E+03	 2.71574E+04
 2.16542E+03	 2.71984E+04
 2.16946E+03	 2.72148E+04
 2.17351E+03	 2.72319E+04
 2.17755E+03	 2.72983E+04
 2.18160E+03	 2.73102E+04
 2.18564E+03	 2.73673E+04
 2.18967E+03	 2.73901E+04
 2.19371E+03	 2.74194E+04
 2.19774E+03	 2.74328E+04
 2.20178E+03	 2.74903E+04
 2.20581E+03	 2.75320E+04
 2.20983E+03	 2.75542E+04
 2.21386E+03	 2.76013E+04
 2.21788E+03	 2.76347E+04
 2.22190E+03	 2.76739E+04
 2.22592E+03	 2.76963E+04
 2.22994E+03	 2.77387E+04
 2.23396E+03	 2.77733E+04
 2.23797E+03	 2.78118E+04
 2.24198E+03	 2.78082E+04
 2.24599E+03	 2.78441E+04
 2.25000E+03	 2.79068E+04
 2.25401E+03	 2.79517E+04
 2.25801E+03	 2.79827E+04
 2.26201E+03	 2.80291E+04
 2.26601E+03	 2.80481E+04
 2.27001E+03	 2.80649E+04
 2.27400E+03	 2.81207E+04
 2.27800E+03	 2.81378E+04
 2.28199E+03	 2.81873E+04
 2.28598E+03	 2.82029E+04
 2.28996E+03	 2.82306E+04
 2.29395E+03	 2.82551E+04
 2.29793E+03	 2.82947E+04
 2.30191E+03	 2.83122E+04
 2.30589E+03	 2.83431E+04
 2.30987E+03	 2.84041E+04
 2.31384E+03	 2.84043E+04
 2.31782E+03	 2.84489E+04
 2.32179E+03	 2.84883E+04
 2.32576E+03	 2.85172E+04
 2.32973E+03	 2.85666E+04
 2.33369E+03	 2.85798E+04
 2.33765E+03	 2.86177E+04
 2.34162E+03	 2.86575E+04
 2.34557E+03	 2.86996E+04
 2.34953E+03	 2.86991E+04
 2.35349E+03	 2.87513E+04
 2.35744E+03	 2.87896E+04
 2.36139E+03	 2.88202E+04
 2.36534E+03	 2.88352E+04
 2.36929E+03	 2.89013E+04
 2.37323E+03	 2.89162E+04
 2.37718E+03	 2.89741E+04
 2.38112E+03	 2.89921E+04
 2.38506E+03	 2.89969E+04
 2.38900E+03	 2.90436E+04
 2.39293E+03	 2.90843E+04
 2.39686E+03	 2.90921E+04
 2.40080E+03	 2.91218E+04
 2.40473E+03	 2.91382E+04
 2.40865E+03	 2.91938E+04
 2.41258E+03	 2.92278E+04
 2.41650E+03	 2.92531E+04
 2.42042E+03	 2.92748E+04
 2.42434E+03	 2.93115E+04
 2.42826E+03	 2.93281E+04
 2.43218E+03	 2.93976E+04
 2.43609E+03	 2.94317E+04
 2.44000E+03	 2.94356E+04
 2.44391E+03	 2.94686E+04
 2.44782E+03	 2.95297E+04
 2.45173E+03	 2.95407E+04
 2.45563E+03	 2.95792E+04
 2.45953E+03	 2.96136E+04
 2.46343E+03	 2.96493E+04
 2.46733E+03	 2.97080E+04
 2.47123E+03	 2.97367E+04
 2.47512E+03	 2.97568E+04
 2.47902E+03	 2.97908E+04
 2.48291E+03	 2.98386E+04
 2.48679E+03	 2.98431E+04
 2.49068E+03	 2.98776E+04
 2.49457E+03	 2.99103E+04
 2.49845E+03	 2.99526E+04
 2.50233E+03	 2.99672E+04
 2.50621E+03	 3.00073E+04
 2.51008E+03	 3.00520E+04
 2.51396E+03	 3.00815E+04
 2.51783E+03	 3.00788E+04
 2.52170E+03	 3.01643E+04
 2.52557E+03	 3.01871E+04
 2.52944E+03	 3.01957E+04
 2.53331E+03	 3.02294E+04
 2.53717E+03	 3.02679E+04
 2.54103E+03	 3.02941E+04
 2.54489E+03	 3.03375E+04
 2.54875E+03	 3.03627E+04
 2.55260E+03	 3.04008E+04
 2.55646E+03	 3.04333E+04
 2.56031E+03	 3.04548E+04
 2.56416E+03	 3.04895E+04
 2.56801E+03	 3.05332E+04
 2.57185E+03	 3.05714E+04
 2.57570E+03	 3.05944E+04
 2.57954E+03	 3.06239E+04
 2.58338E+03	 3.06469E+04
 2.58722E+03	 3.06884E+04
 2.59105E+03	 3.07254E+04
 2.59489E+03	 3.07592E+04
 2.59872E+03	 3.07868E+04
 2.60255E+03	 3.07898E+04
 2.60638E+03	 3.08109E+04
 2.61021E+03	 3.08686E+04
 2.61403E+03	 3.09277E+04
 2.61786E+03	 3.09497E+04
 2.62168E+03	 3.09728E+04
 2.62550E+03	 3.10258E+04
 2.62932E+03	 3.10054E+04
 2.63313E+03	 3.10746E+04
 2.63695E+03	 3.10972E+04
 2.64076E+03	 3.11198E+04
 2.64457E+03	 3.11748E+04
 2.64838E+03	 3.11638E+04
 2.65218E+03	 3.12217E+04
 2.65599E+03	 3.12479E+04
 2.65979E+03	 3.12784E+04
 2.66359E+03	 3.13249E+04
 2.66739E+03	 3.13638E+04
 2.67118E+03	 3.14116E+04
 2.67498E+03	 3.14506E+04
 2.67877E+03	 3.14963E+04
 2.68256E+03	 3.15044E+04
 2.68635E+03	 3.15364E+04
 2.69014E+03	 3.15522E+04
 2.69393E+03	 3.16192E+04
 2.69771E+03	 3.16273E+04
 2.70149E+03	 3.16571E+04
 2.70527E+03	 3.16911E+04
 2.70905E+03	 3.17426E+04
 2.71283E+03	 3.17512E+04
 2.71660E+03	 3.17966E+04
 2.72037E+03	 3.18223E+04
 2.72414E+03	 3.18456E+04
 2.72791E+03	 3.19076E+04
 2.73168E+03	 3.19561E+04
 2.73544E+03	 3.19708E+04
 2.73921E+03	 3.20139E+04
 2.74297E+03	 3.20417E+04
 2.74673E+03	 3.20938E+04
 2.75049E+03	 3.21147E+04
 2.75424E+03	 3.21457E+04
 2.75800E+03	 3.21944E+04
 2.76175E+03	 3.22009E+04
 2.76550E+03	 3.22653E+04
 2.76925E+03	 3.23102E+04
 2.77299E+03	 3.23294E+04
 2.77674E+03	 3.23806E+04
 2.78048E+03	 3.24118E+04
 2.78422E+03	 3.24344E+04
 2.78796E+03	 3.24534E+04
 2.79170E+03	 3.25246E+04
 2.79544E+03	 3.25718E+04
 2.79917E+03	 3.26011E+04
 2.80290E+03	 3.26244E+04
 2.80663E+03	 3.26491E+04
 2.81036E+03	 3.26848E+04
 2.81409E+03	 3.27168E+04
 2.81781E+03	 3.27481E+04
 2.82153E+03	 3.28205E+04
 2.82525E+03	 3.28186E+04
 2.82897E+03	 3.28783E+04
 2.83269E+03	 3.29184E+04
 2.83641E+03	 3.29506E+04
 2.84012E+03	 3.29751E+04
 2.84383E+03	 3.30352E+04
 2.84754E+03	 3.30663E+04
 2.85125E+03	 3.30823E+04
 2.85496E+03	 3.31126E+04
 2.85866E+03	 3.31536E+04
 2.86236E+03	 3.32274E+04
 2.86606E+03	 3.32193E+04
 2.86976E+03	 3.32825E+04
 2.87346E+03	 3.33006E+04
 2.87716E+03	 3.33219E+04
 2.88085E+03	 3.33799E+04
 2.88454E+03	 3.34299E+04
 2.88823E+03	 3.34412E+04
 2.89192E+03	 3.34799E+04
 2.89561E+03	 3.35121E+04
 2.89929E+03	 3.35529E+04
 2.90297E+03	 3.36080E+04
 2.90666E+03	 3.36329E+04
 2.91033E+03	 3.36617E+04
 2.91401E+03	 3.37109E+04
 2.91769E+03	 3.37279E+04
 2.92136E+03	 3.37600E+04
 2.92503E+03	 3.37889E+04
 2.92870E+03	 3.38316E+04
 2.93237E+03	 3.38594E+04
 2.93604E+03	 3.39131E+04
 2.93970E+03	 3.39337E+04
 2.94337E+03	 3.39913E+04
 2.94703E+03	 3.40256E+04
 2.95069E+03	 3.40434E+04
 2.95435E+03	 3.41137E+04
 2.95800E+03	 3.41171E+04
 2.96166E+03	 3.41381E+04
 2.96531E+03	 3.42306E+04
 2.96896E+03	 3.42364E+04
 2.97261E+03	 3.42994E+04
 2.97626E+03	 3.43416E+04
 2.97990E+03	 3.43652E+04
 2.98354E+03	 3.44054E+04
 2.98719E+03	 3.44593E+04
 2.99083E+03	 3.44794E+04
 2.99446E+03	 3.45351E+04
 2.99810E+03	 3.45639E+04
 3.00174E+03	 3.46336E+04
 3.00537E+03	 3.46543E+04
 3.00900E+03	 3.46799E+04
 3.01263E+03	 3.47063E+04
 3.01626E+03	 3.47416E+04
 3.01988E+03	 3.47770E+04
 3.02351E+03	 3.48279E+04
 3.02713E+03	 3.48699E+04
 3.03075E+03	 3.48994E+04
 3.03437E+03	 3.49411E+04
 3.03799E+03	 3.49502E+04
 3.04160E+03	 3.50079E+04
 3.04521E+03	 3.50470E+04
 3.04883E+03	 3.50484E+04
 3.05244E+03	 3.51111E+04
 3.05605E+03	 3.51051E+04
 3.05965E+03	 3.51504E+04
 3.06326E+03	 3.51892E+04
 3.06686E+03	 3.52256E+04
 3.07046E+03	 3.52746E+04
 3.07406E+03	 3.52991E+04
 3.07766E+03	 3.53241E+04
 3.08125E+03	 3.53826E+04
 3.08485E+03	 3.54229E+04
 3.08844E+03	 3.54436E+04
 3.09203E+03	 3.54947E+04
 3.09562E+03	 3.55215E+04
 3.09921E+03	 3.55562E+04
 3.10280E+03	 3.56044E+04
 3.10638E+03	 3.56284E+04
 3.10996E+03	 3.56650E+04
 3.11354E+03	 3.57369E+04
 3.11712E+03	 3.57206E+04
 3.12070E+03	 3.57719E+04
 3.12427E+03	 3.58118E+04
 3.12785E+03	 3.58433E+04
 3.13142E+03	 3.58776E+04
 3.13499E+03	 3.58916E+04
 3.13856E+03	 3.59333E+04
 3.14212E+03	 3.59912E+04
 3.14569E+03	 3.59969E+04
 3.14925E+03	 3.60449E+04
 3.15281E+03	 3.60864E+04
 3.15637E+03	 3.61111E+04
 3.15993E+03	 3.61463E+04
 3.16349E+03	 3.61564E+04
 3.16704E+03	 3.62038E+04
 3.17060E+03	 3.62367E+04
 3.17415E+03	 3.62784E+04
 3.17770E+03	 3.63075E+04
 3.18124E+03	 3.63528E+04
 3.18479E+03	 3.64017E+04
 3.18834E+03	 3.64131E+04
 3.19188E+03	 3.64728E+04
 3.19542E+03	 3.65043E+04
 3.19896E+03	 3.65521E+04
 3.20250E+03	 3.66122E+04
 3.20603E+03	 3.65998E+04
 3.20957E+03	 3.66729E+04
 3.21310E+03	 3.66908E+04
 3.21663E+03	 3.67336E+04
 3.22016E+03	 3.67491E+04
 3.22369E+03	 3.67807E+04
 3.22721E+03	 3.68371E+04
 3.23074E+03	 3.68676E+04
 3.23426E+03	 3.69003E+04
 3.23778E+03	 3.69235E+04
 3.24130E+03	 3.69596E+04
 3.24481E+03	 3.70137E+04
 3.24833E+03	 3.70376E+04
 3.25184E+03	 3.70536E+04
 3.25536E+03	 3.70827E+04
 3.25887E+03	 3.71329E+04
 3.26238E+03	 3.71811E+04
 3.26588E+03	 3.72224E+04
 3.26939E+03	 3.72404E+04
 3.27289E+03	 3.72825E+04
 3.27639E+03	 3.73259E+04
 3.27989E+03	 3.73499E+04
 3.28339E+03	 3.73956E+04
 3.28689E+03	 3.74190E+04
 3.29039E+03	 3.74889E+04
 3.29388E+03	 3.75174E+04
 3.29737E+03	 3.75458E+04
 3.30086E+03	 3.75936E+04
 3.30435E+03	 3.76353E+04
 3.30784E+03	 3.76536E+04
 3.31132E+03	 3.76739E+04
 3.31481E+03	 3.77374E+04
 3.31829E+03	 3.77773E+04
 3.32177E+03	 3.78094E+04
 3.32525E+03	 3.78138E+04
 3.32873E+03	 3.78764E+04
 3.33220E+03	 3.78795E+04
 3.33567E+03	 3.79122E+04
 3.33915E+03	 3.79441E+04
 3.34262E+03	 3.79819E+04
 3.34609E+03	 3.80160E+04
 3.34955E+03	 3.80381E+04
 3.35302E+03	 3.80787E+04
 3.35648E+03	 3.81243E+04
 3.35994E+03	 3.81421E+04
 3.36341E+03	 3.81268E+04
 3.36686E+03	 3.81794E+04
 3.37032E+03	 3.82111E+04
 3.37378E+03	 3.82514E+04
 3.37723E+03	 3.82670E+04
 3.38068E+03	 3.83146E+04
 3.38413E+03	 3.83424E+04
 3.38758E+03	 3.83664E+04
 3.39103E+03	 3.83894E+04
 3.39448E+03	 3.83845E+04
 3.39792E+03	 3.84445E+04
 3.40136E+03	 3.84429E+04
 3.40480E+03	 3.85009E+04
 3.40824E+03	 3.85078E+04
 3.41168E+03	 3.85508E+04
 3.41512E+03	 3.85854E+04
 3.41855E+03	 3.85677E+04
 3.42198E+03	 3.86251E+04
 3.42541E+03	 3.86294E+04
 3.42884E+03	 3.86872E+04
 3.43227E+03	 3.87183E+04
 3.43570E+03	 3.87421E+04
 3.43912E+03	 3.87726E+04
 3.44254E+03	 3.88019E+04
 3.44597E+03	 3.88008E+04
 3.44939E+03	 3.88326E+04
 3.45280E+03	 3.88538E+04
 3.45622E+03	 3.88869E+04
 3.45963E+03	 3.89389E+04
 3.46305E+03	 3.89454E+04
 3.46646E+03	 3.89706E+04
 3.46987E+03	 3.90038E+04
 3.47328E+03	 3.90260E+04
 3.47668E+03	 3.90599E+04
 3.48009E+03	 3.91226E+04
 3.48349E+03	 3.91365E+04
 3.48689E+03	 3.91573E+04
 3.49029E+03	 3.92080E+04
 3.49369E+03	 3.92220E+04
 3.49709E+03	 3.92479E+04
 3.50049E+03	 3.92801E+04
 3.50388E+03	 3.93079E+04
 3.50727E+03	 3.93175E+04
 3.51066E+03	 3.93466E+04
 3.51405E+03	 3.93646E+04
 3.51744E+03	 3.93747E+04
 3.52082E+03	 3.94439E+04
 3.52421E+03	 3.94581E+04
 3.52759E+03	 3.94601E+04
 3.53097E+03	 3.94952E+04
 3.53435E+03	 3.94917E+04
 3.53773E+03	 3.95354E+04
 3.54110E+03	 3.95800E+04
 3.54448E+03	 3.96097E+04
 3.54785E+03	 3.96280E+04
 3.55122E+03	 3.96922E+04
 3.55459E+03	 3.96821E+04
 3.55796E+03	 3.97306E+04
 3.56133E+03	 3.97571E+04
 3.56469E+03	 3.98103E+04
 3.56806E+03	 3.98123E+04
 3.57142E+03	 3.98523E+04
 3.57478E+03	 3.98654E+04
 3.57814E+03	 3.99069E+04
 3.58149E+03	 3.99330E+04
 3.58485E+03	 3.99578E+04
 3.58820E+03	 3.99646E+04
 3.59156E+03	 3.99704E+04
 3.59491E+03	 4.00321E+04
 3.59826E+03	 4.00573E+04
 3.60160E+03	 4.00644E+04
 3.60495E+03	 4.00979E+04
 3.60829E+03	 4.01080E+04
 3.61164E+03	 4.01378E+04
 3.61498E+03	 4.01324E+04
 3.61832E+03	 4.01731E+04
 3.62166E+03	 4.01930E+04
 3.62499E+03	 4.02153E+04
 3.62833E+03	 4.02487E+04
 3.63166E+03	 4.02253E+04
 3.63499E+03	 4.02798E+04
 3.63832E+03	 4.02798E+04
 3.64165E+03	 4.03031E+04
 3.64498E+03	 4.03166E+04
 3.64831E+03	 4.03351E+04
 3.65163E+03	 4.03630E+04
 3.65495E+03	 4.03832E+04
 3.65827E+03	 4.03822E+04
 3.66159E+03	 4.04441E+04
 3.66491E+03	 4.04239E+04
 3.66823E+03	 4.04467E+04
 3.67154E+03	 4.04763E+04
 3.67485E+03	 4.05034E+04
 3.67817E+03	 4.05481E+04
 3.68148E+03	 4.05170E+04
 3.68478E+03	 4.05743E+04
 3.68809E+03	 4.05691E+04
 3.69140E+03	 4.05996E+04
 3.69470E+03	 4.06069E+04
 3.69800E+03	 4.05973E+04
 3.70130E+03	 4.06343E+04
 3.70460E+03	 4.06304E+04
 3.70790E+03	 4.06707E+04
 3.71120E+03	 4.06875E+04
 3.71449E+03	 4.06884E+04
 3.71778E+03	 4.06936E+04
 3.72108E+03	 4.07199E+04
 3.72437E+03	 4.07546E+04
 3.72765E+03	 4.08005E+04
 3.73094E+03	 4.07539E+04
 3.73423E+03	 4.07600E+04
 3.73751E+03	 4.07866E+04
 3.74079E+03	 4.08160E+04
 3.74407E+03	 4.08284E+04
 3.74735E+03	 4.08835E+04
 3.75063E+03	 4.09139E+04
 3.75391E+03	 4.08964E+04
 3.75718E+03	 4.09234E+04
 3.76045E+03	 4.09274E+04
 3.76373E+03	 4.09649E+04
 3.76700E+03	 4.09620E+04
 3.77026E+03	 4.09796E+04
 3.77353E+03	 4.09708E+04
 3.77680E+03	 4.09733E+04
 3.78006E+03	 4.10000E+04
 3.78332E+03	 4.10041E+04
 3.78658E+03	 4.10266E+04
 3.78984E+03	 4.10614E+04
 3.79310E+03	 4.10297E+04
 3.79636E+03	 4.10479E+04
 3.79961E+03	 4.10544E+04
 3.80287E+03	 4.10808E+04
 3.80612E+03	 4.10988E+04
 3.80937E+03	 4.10979E+04
 3.81262E+03	 4.11128E+04
 3.81586E+03	 4.11351E+04
 3.81911E+03	 4.11484E+04
 3.82235E+03	 4.11608E+04
 3.82560E+03	 4.11589E+04
 3.82884E+03	 4.12194E+04
 3.83208E+03	 4.12111E+04
 3.83532E+03	 4.12159E+04
 3.83855E+03	 4.12181E+04
 3.84179E+03	 4.12186E+04
 3.84502E+03	 4.12369E+04
 3.84825E+03	 4.12261E+04
 3.85148E+03	 4.12338E+04
 3.85471E+03	 4.12251E+04
 3.85794E+03	 4.12626E+04
 3.86117E+03	 4.12914E+04
 3.86439E+03	 4.12816E+04
 3.86762E+03	 4.12945E+04
 3.87084E+03	 4.13064E+04
 3.87406E+03	 4.12787E+04
 3.87728E+03	 4.13016E+04
 3.88049E+03	 4.13089E+04
 3.88371E+03	 4.13079E+04
 3.88692E+03	 4.13306E+04
 3.89014E+03	 4.13651E+04
 3.89335E+03	 4.13763E+04
 3.89656E+03	 4.13645E+04
 3.89977E+03	 4.13726E+04
 3.90297E+03	 4.13784E+04
 3.90618E+03	 4.13993E+04
 3.90938E+03	 4.14061E+04
 3.91258E+03	 4.14116E+04
 3.91579E+03	 4.14194E+04
 3.91898E+03	 4.13983E+04
 3.92218E+03	 4.14230E+04
 3.92538E+03	 4.14557E+04
 3.92857E+03	 4.14451E+04
 3.93177E+03	 4.14759E+04
 3.93496E+03	 4.14759E+04
 3.93815E+03	 4.14952E+04
 3.94134E+03	 4.14983E+04
 3.94453E+03	 4.15043E+04
 3.94771E+03	 4.15025E+04
 3.95090E+03	 4.14778E+04
 3.95408E+03	 4.14856E+04
 3.95726E+03	 4.14995E+04
 3.96044E+03	 4.14816E+04
 3.96362E+03	 4.14853E+04
 3.96680E+03	 4.15166E+04
 3.96997E+03	 4.15009E+04
 3.97315E+03	 4.14886E+04
 3.97632E+03	 4.15156E+04
 3.97949E+03	 4.14875E+04
 3.98266E+03	 4.14921E+04
 3.98583E+03	 4.15068E+04
 3.98900E+03	 4.15091E+04
 3.99216E+03	 4.15036E+04
 3.99533E+03	 4.14886E+04
 3.99849E+03	 4.15073E+04
 4.00165E+03	 4.15159E+04
 4.00481E+03	 4.15326E+04
 4.00797E+03	 4.15288E+04
 4.01113E+03	 4.14611E+04
 4.01428E+03	 4.15346E+04
 4.01744E+03	 4.15114E+04
 4.02059E+03	 4.15369E+04
 4.02374E+03	 4.15234E+04
 4.02689E+03	 4.15593E+04
 4.03004E+03	 4.15279E+04
 4.03318E+03	 4.15484E+04
 4.03633E+03	 4.15333E+04
 4.03947E+03	 4.15135E+04
 4.04262E+03	 4.14779E+04
 4.04576E+03	 4.14947E+04
 4.04890E+03	 4.14802E+04
 4.05203E+03	 4.14656E+04
 4.05517E+03	 4.14661E+04
 4.05831E+03	 4.14602E+04
 4.06144E+03	 4.10184E+04
