-1.03034E+02	 2.25500E+02
-9.77694E+01	 2.26500E+02
-9.25079E+01	 2.27500E+02
-8.72494E+01	 2.27000E+02
-8.19938E+01	 2.26500E+02
-7.67412E+01	 2.26500E+02
-7.14916E+01	 2.26000E+02
-6.62450E+01	 2.26500E+02
-6.10013E+01	 2.26000E+02
-5.57605E+01	 2.26500E+02
-5.05228E+01	 2.25500E+02
-4.52879E+01	 2.25000E+02
-4.00561E+01	 2.26500E+02
-3.48271E+01	 2.27500E+02
-2.96012E+01	 2.26500E+02
-2.43781E+01	 2.26500E+02
-1.91580E+01	 2.25500E+02
-1.39409E+01	 2.26500E+02
-8.72666E+00	 2.26500E+02
-3.51538E+00	 2.26000E+02
 1.69298E+00	 2.25000E+02
 6.89840E+00	 2.25500E+02
 1.21009E+01	 2.27500E+02
 1.73005E+01	 2.26500E+02
 2.24971E+01	 2.26500E+02
 2.76908E+01	 2.27000E+02
 3.28816E+01	 2.26000E+02
 3.80695E+01	 2.26500E+02
 4.32545E+01	 2.27000E+02
 4.84366E+01	 2.26500E+02
 5.36157E+01	 2.25500E+02
 5.87920E+01	 2.26000E+02
 6.39653E+01	 2.26000E+02
 6.91358E+01	 2.28000E+02
 7.43033E+01	 2.26500E+02
 7.94680E+01	 2.26000E+02
 8.46297E+01	 2.27500E+02
 8.97886E+01	 2.26000E+02
 9.49446E+01	 2.26000E+02
 1.00098E+02	 2.28000E+02
 1.05248E+02	 2.26500E+02
 1.10395E+02	 2.27000E+02
 1.15540E+02	 2.26500E+02
 1.20681E+02	 2.26000E+02
 1.25820E+02	 2.29000E+02
 1.30956E+02	 2.31000E+02
 1.36089E+02	 2.39500E+02
 1.41219E+02	 2.45500E+02
 1.46346E+02	 2.51000E+02
 1.51470E+02	 2.58500E+02
 1.56592E+02	 2.65000E+02
 1.61710E+02	 2.68000E+02
 1.66826E+02	 2.70000E+02
 1.71939E+02	 2.72000E+02
 1.77049E+02	 2.76500E+02
 1.82156E+02	 2.78500E+02
 1.87260E+02	 2.80500E+02
 1.92362E+02	 2.91000E+02
 1.97461E+02	 2.96500E+02
 2.02556E+02	 2.96000E+02
 2.07649E+02	 3.06500E+02
 2.12739E+02	 3.20000E+02
 2.17827E+02	 3.24000E+02
 2.22911E+02	 3.33000E+02
 2.27993E+02	 3.50500E+02
 2.33072E+02	 3.70000E+02
 2.38148E+02	 3.79000E+02
 2.43221E+02	 3.74000E+02
 2.48291E+02	 3.75500E+02
 2.53359E+02	 3.61000E+02
 2.58423E+02	 3.55500E+02
 2.63485E+02	 3.65000E+02
 2.68544E+02	 3.67500E+02
 2.73600E+02	 3.66000E+02
 2.78654E+02	 3.69000E+02
 2.83704E+02	 3.73000E+02
 2.88752E+02	 3.69000E+02
 2.93797E+02	 3.71000E+02
 2.98840E+02	 3.80500E+02
 3.03879E+02	 3.87000E+02
 3.08916E+02	 3.91500E+02
 3.13949E+02	 3.75500E+02
 3.18980E+02	 3.61000E+02
 3.24009E+02	 3.75500E+02
 3.29034E+02	 4.06000E+02
 3.34057E+02	 4.02500E+02
 3.39077E+02	 3.93500E+02
 3.44094E+02	 3.84000E+02
 3.49108E+02	 3.71500E+02
 3.54120E+02	 3.81000E+02
 3.59129E+02	 3.93000E+02
 3.64135E+02	 3.89500E+02
 3.69138E+02	 3.84000E+02
 3.74138E+02	 3.85500E+02
 3.79136E+02	 3.82500E+02
 3.84131E+02	 3.88000E+02
 3.89123E+02	 4.08500E+02
 3.94113E+02	 4.03500E+02
 3.99099E+02	 3.95500E+02
 4.04083E+02	 4.04000E+02
 4.09064E+02	 4.01500E+02
 4.14043E+02	 4.09500E+02
 4.19019E+02	 4.04500E+02
 4.23991E+02	 3.98000E+02
 4.28962E+02	 3.96500E+02
 4.33929E+02	 4.03500E+02
 4.38894E+02	 4.08000E+02
 4.43856E+02	 4.04000E+02
 4.48815E+02	 4.09000E+02
 4.53771E+02	 4.30500E+02
 4.58725E+02	 4.30000E+02
 4.63676E+02	 4.11000E+02
 4.68625E+02	 4.11000E+02
 4.73570E+02	 4.22500E+02
 4.78513E+02	 4.24000E+02
 4.83453E+02	 4.12000E+02
 4.88391E+02	 4.16000E+02
 4.93325E+02	 4.21500E+02
 4.98257E+02	 4.24000E+02
 5.03187E+02	 4.27500E+02
 5.08113E+02	 4.25500E+02
 5.13037E+02	 4.37000E+02
 5.17958E+02	 4.36500E+02
 5.22877E+02	 4.28500E+02
 5.27792E+02	 4.37000E+02
 5.32706E+02	 4.48000E+02
 5.37616E+02	 4.55500E+02
 5.42524E+02	 4.45500E+02
 5.47429E+02	 4.54500E+02
 5.52331E+02	 4.49000E+02
 5.57230E+02	 4.46000E+02
 5.62127E+02	 4.51500E+02
 5.67022E+02	 4.55500E+02
 5.71913E+02	 4.53500E+02
 5.76802E+02	 4.45000E+02
 5.81688E+02	 4.48500E+02
 5.86572E+02	 4.56000E+02
 5.91452E+02	 4.53000E+02
 5.96331E+02	 4.50000E+02
 6.01206E+02	 4.53500E+02
 6.06079E+02	 4.64000E+02
 6.10949E+02	 4.68000E+02
 6.15817E+02	 4.59500E+02
 6.20681E+02	 4.55000E+02
 6.25544E+02	 4.46500E+02
 6.30403E+02	 4.40500E+02
 6.35260E+02	 4.42500E+02
 6.40114E+02	 4.62500E+02
 6.44966E+02	 4.76500E+02
 6.49815E+02	 4.92000E+02
 6.54661E+02	 4.85500E+02
 6.59505E+02	 4.74500E+02
 6.64346E+02	 4.68000E+02
 6.69184E+02	 4.70000E+02
 6.74020E+02	 5.34500E+02
 6.78853E+02	 4.84000E+02
 6.83683E+02	 4.72000E+02
 6.88511E+02	 4.61000E+02
 6.93336E+02	 4.48500E+02
 6.98159E+02	 4.64500E+02
 7.02978E+02	 4.87000E+02
 7.07796E+02	 4.94500E+02
 7.12610E+02	 4.75000E+02
 7.17422E+02	 4.73000E+02
 7.22232E+02	 4.67500E+02
 7.27039E+02	 4.65500E+02
 7.31843E+02	 4.82500E+02
 7.36644E+02	 4.80000E+02
 7.41443E+02	 4.84000E+02
 7.46240E+02	 4.85500E+02
 7.51033E+02	 4.85000E+02
 7.55825E+02	 4.82500E+02
 7.60613E+02	 4.93500E+02
 7.65399E+02	 4.98000E+02
 7.70182E+02	 4.96500E+02
 7.74963E+02	 4.99000E+02
 7.79741E+02	 5.05000E+02
 7.84517E+02	 5.19500E+02
 7.89290E+02	 5.17000E+02
 7.94060E+02	 5.09500E+02
 7.98828E+02	 5.06500E+02
 8.03593E+02	 5.23500E+02
 8.08356E+02	 5.35000E+02
 8.13116E+02	 5.31500E+02
 8.17873E+02	 5.35000E+02
 8.22628E+02	 5.28000E+02
 8.27380E+02	 5.13500E+02
 8.32130E+02	 5.06500E+02
 8.36877E+02	 5.20000E+02
 8.41622E+02	 5.12000E+02
 8.46364E+02	 5.10000E+02
 8.51103E+02	 5.16500E+02
 8.55840E+02	 5.39500E+02
 8.60575E+02	 5.43500E+02
 8.65306E+02	 5.45000E+02
 8.70036E+02	 5.42500E+02
 8.74762E+02	 5.40000E+02
 8.79486E+02	 5.42500E+02
 8.84208E+02	 5.48000E+02
 8.88927E+02	 5.52500E+02
 8.93644E+02	 5.45000E+02
 8.98357E+02	 5.31000E+02
 9.03069E+02	 5.38500E+02
 9.07778E+02	 5.48000E+02
 9.12484E+02	 5.38500E+02
 9.17188E+02	 5.27000E+02
 9.21889E+02	 5.32500E+02
 9.26588E+02	 5.53000E+02
 9.31284E+02	 5.65500E+02
 9.35977E+02	 5.73000E+02
 9.40669E+02	 5.79000E+02
 9.45357E+02	 5.72500E+02
 9.50043E+02	 5.75000E+02
 9.54727E+02	 5.95000E+02
 9.59408E+02	 5.86500E+02
 9.64086E+02	 5.68500E+02
 9.68762E+02	 5.59500E+02
 9.73436E+02	 5.70500E+02
 9.78107E+02	 5.65000E+02
 9.82775E+02	 5.72000E+02
 9.87441E+02	 5.70000E+02
 9.92104E+02	 5.58500E+02
 9.96765E+02	 5.70000E+02
 1.00142E+03	 5.82000E+02
 1.00608E+03	 5.89000E+02
 1.01073E+03	 5.98500E+02
 1.01538E+03	 5.99000E+02
 1.02003E+03	 5.80500E+02
 1.02468E+03	 5.53500E+02
 1.02932E+03	 5.86000E+02
 1.03396E+03	 6.07000E+02
 1.03860E+03	 5.96500E+02
 1.04324E+03	 5.89000E+02
 1.04787E+03	 5.89500E+02
 1.05250E+03	 5.98500E+02
 1.05713E+03	 6.16000E+02
 1.06176E+03	 6.22000E+02
 1.06638E+03	 6.17000E+02
 1.07100E+03	 6.08500E+02
 1.07562E+03	 5.98500E+02
 1.08024E+03	 6.09500E+02
 1.08485E+03	 6.39500E+02
 1.08946E+03	 6.34500E+02
 1.09407E+03	 6.16000E+02
 1.09868E+03	 6.03500E+02
 1.10328E+03	 5.98500E+02
 1.10788E+03	 6.06500E+02
 1.11248E+03	 6.34000E+02
 1.11708E+03	 6.49500E+02
 1.12167E+03	 6.34000E+02
 1.12626E+03	 6.23500E+02
 1.13085E+03	 6.17500E+02
 1.13544E+03	 5.97500E+02
 1.14002E+03	 6.00000E+02
 1.14460E+03	 6.12500E+02
 1.14918E+03	 6.24500E+02
 1.15376E+03	 6.31000E+02
 1.15833E+03	 6.39500E+02
 1.16291E+03	 6.36500E+02
 1.16748E+03	 6.19500E+02
 1.17204E+03	 6.16000E+02
 1.17661E+03	 6.23500E+02
 1.18117E+03	 6.53000E+02
 1.18573E+03	 6.66000E+02
 1.19029E+03	 6.59500E+02
 1.19484E+03	 6.52000E+02
 1.19939E+03	 6.55000E+02
 1.20394E+03	 6.73500E+02
 1.20849E+03	 6.93500E+02
 1.21304E+03	 6.90000E+02
 1.21758E+03	 6.64500E+02
 1.22212E+03	 6.43000E+02
 1.22666E+03	 6.40000E+02
 1.23119E+03	 6.54000E+02
 1.23573E+03	 6.73500E+02
 1.24026E+03	 6.70000E+02
 1.24479E+03	 6.79500E+02
 1.24931E+03	 6.92000E+02
 1.25384E+03	 6.91500E+02
 1.25836E+03	 6.85500E+02
 1.26288E+03	 6.82500E+02
 1.26739E+03	 7.00000E+02
 1.27191E+03	 7.30000E+02
 1.27642E+03	 7.24000E+02
 1.28093E+03	 6.78500E+02
 1.28543E+03	 6.80000E+02
 1.28994E+03	 7.22000E+02
 1.29444E+03	 7.49000E+02
 1.29894E+03	 7.31500E+02
 1.30344E+03	 7.04500E+02
 1.30793E+03	 6.90000E+02
 1.31243E+03	 6.84500E+02
 1.31692E+03	 7.01500E+02
 1.32140E+03	 7.21500E+02
 1.32589E+03	 7.44000E+02
 1.33037E+03	 7.53500E+02
 1.33485E+03	 7.33000E+02
 1.33933E+03	 7.05000E+02
 1.34381E+03	 7.35000E+02
 1.34828E+03	 7.61000E+02
 1.35275E+03	 7.57500E+02
 1.35722E+03	 7.57000E+02
 1.36169E+03	 7.63000E+02
 1.36615E+03	 7.60500E+02
 1.37061E+03	 7.43000E+02
 1.37507E+03	 7.20000E+02
 1.37953E+03	 7.31500E+02
 1.38398E+03	 7.25500E+02
 1.38844E+03	 7.24000E+02
 1.39289E+03	 7.46000E+02
 1.39733E+03	 7.55500E+02
 1.40178E+03	 7.51500E+02
 1.40622E+03	 7.44000E+02
 1.41066E+03	 7.48000E+02
 1.41510E+03	 7.40000E+02
 1.41954E+03	 7.56500E+02
 1.42397E+03	 7.42000E+02
 1.42840E+03	 7.56500E+02
 1.43283E+03	 7.61500E+02
 1.43726E+03	 7.63000E+02
 1.44168E+03	 7.82500E+02
 1.44610E+03	 7.81000E+02
 1.45052E+03	 7.85000E+02
 1.45494E+03	 7.86500E+02
 1.45936E+03	 7.70000E+02
 1.46377E+03	 7.77000E+02
 1.46818E+03	 7.96000E+02
 1.47259E+03	 7.79500E+02
 1.47699E+03	 7.59500E+02
 1.48140E+03	 7.49000E+02
 1.48580E+03	 7.74500E+02
 1.49020E+03	 7.70500E+02
 1.49459E+03	 7.59500E+02
 1.49899E+03	 7.79500E+02
 1.50338E+03	 8.02000E+02
 1.50777E+03	 8.05000E+02
 1.51216E+03	 7.88000E+02
 1.51654E+03	 7.59500E+02
 1.52092E+03	 7.78500E+02
 1.52530E+03	 8.14000E+02
 1.52968E+03	 8.15500E+02
 1.53406E+03	 8.23500E+02
 1.53843E+03	 8.24000E+02
 1.54280E+03	 8.08500E+02
 1.54717E+03	 8.00500E+02
 1.55154E+03	 7.92000E+02
 1.55590E+03	 8.08000E+02
 1.56027E+03	 8.06000E+02
 1.56463E+03	 7.95500E+02
 1.56898E+03	 7.93000E+02
 1.57334E+03	 7.96000E+02
 1.57769E+03	 7.68500E+02
 1.58204E+03	 7.89000E+02
 1.58639E+03	 8.10500E+02
 1.59074E+03	 8.37500E+02
 1.59508E+03	 8.61000E+02
 1.59942E+03	 8.63500E+02
 1.60376E+03	 8.34500E+02
 1.60810E+03	 8.15500E+02
 1.61243E+03	 8.25500E+02
 1.61677E+03	 8.04000E+02
 1.62110E+03	 7.98000E+02
 1.62542E+03	 8.19000E+02
 1.62975E+03	 8.63500E+02
 1.63407E+03	 8.61000E+02
 1.63840E+03	 8.29500E+02
 1.64271E+03	 8.30000E+02
 1.64703E+03	 8.62500E+02
 1.65135E+03	 8.62000E+02
 1.65566E+03	 8.29500E+02
 1.65997E+03	 7.98500E+02
 1.66428E+03	 8.01500E+02
 1.66858E+03	 8.07500E+02
 1.67289E+03	 8.42000E+02
 1.67719E+03	 8.68000E+02
 1.68149E+03	 8.86000E+02
 1.68578E+03	 8.69500E+02
 1.69008E+03	 8.43000E+02
 1.69437E+03	 8.48000E+02
 1.69866E+03	 8.31000E+02
 1.70295E+03	 8.26500E+02
 1.70723E+03	 8.61000E+02
 1.71152E+03	 8.75000E+02
 1.71580E+03	 8.67000E+02
 1.72008E+03	 8.56500E+02
 1.72435E+03	 8.64500E+02
 1.72863E+03	 8.90000E+02
 1.73290E+03	 8.75500E+02
 1.73717E+03	 8.69000E+02
 1.74144E+03	 8.58000E+02
 1.74570E+03	 8.60000E+02
 1.74997E+03	 8.45000E+02
 1.75423E+03	 8.58000E+02
 1.75849E+03	 8.83500E+02
 1.76274E+03	 8.74500E+02
 1.76700E+03	 8.73000E+02
 1.77125E+03	 8.67000E+02
 1.77550E+03	 8.54000E+02
 1.77975E+03	 8.50000E+02
 1.78399E+03	 8.55000E+02
 1.78824E+03	 8.63000E+02
 1.79248E+03	 8.96500E+02
 1.79672E+03	 9.04000E+02
 1.80095E+03	 8.78500E+02
 1.80519E+03	 8.76500E+02
 1.80942E+03	 8.81000E+02
 1.81365E+03	 9.08000E+02
 1.81788E+03	 9.00500E+02
 1.82211E+03	 8.84000E+02
 1.82633E+03	 8.71000E+02
 1.83055E+03	 8.93000E+02
 1.83477E+03	 9.00000E+02
 1.83899E+03	 8.82500E+02
 1.84320E+03	 8.62000E+02
 1.84742E+03	 8.75000E+02
 1.85163E+03	 8.68500E+02
 1.85584E+03	 8.39000E+02
 1.86004E+03	 8.45500E+02
 1.86425E+03	 8.77000E+02
 1.86845E+03	 9.15000E+02
 1.87265E+03	 9.37500E+02
 1.87685E+03	 9.31000E+02
 1.88104E+03	 9.36000E+02
 1.88524E+03	 9.34000E+02
 1.88943E+03	 9.09000E+02
 1.89362E+03	 8.67000E+02
 1.89780E+03	 8.45500E+02
 1.90199E+03	 8.54000E+02
 1.90617E+03	 8.87500E+02
 1.91035E+03	 9.15500E+02
 1.91453E+03	 9.03000E+02
 1.91871E+03	 8.94000E+02
 1.92288E+03	 8.85000E+02
 1.92705E+03	 8.82500E+02
 1.93122E+03	 8.99500E+02
 1.93539E+03	 9.03500E+02
 1.93956E+03	 9.07000E+02
 1.94372E+03	 8.90500E+02
 1.94788E+03	 8.67000E+02
 1.95204E+03	 8.76000E+02
 1.95620E+03	 8.97000E+02
 1.96035E+03	 8.94000E+02
 1.96451E+03	 8.93000E+02
 1.96866E+03	 9.03000E+02
 1.97280E+03	 8.73500E+02
 1.97695E+03	 8.94500E+02
 1.98110E+03	 9.30500E+02
 1.98524E+03	 9.30500E+02
 1.98938E+03	 9.04000E+02
 1.99352E+03	 9.02500E+02
 1.99765E+03	 9.17000E+02
 2.00179E+03	 9.09000E+02
 2.00592E+03	 8.83000E+02
 2.01005E+03	 9.10500E+02
 2.01417E+03	 9.57500E+02
 2.01830E+03	 9.60000E+02
 2.02242E+03	 9.51000E+02
 2.02654E+03	 9.65000E+02
 2.03066E+03	 9.52500E+02
 2.03478E+03	 9.48500E+02
 2.03889E+03	 9.55500E+02
 2.04301E+03	 9.77000E+02
 2.04712E+03	 9.62500E+02
 2.05123E+03	 9.20000E+02
 2.05533E+03	 8.86000E+02
 2.05944E+03	 8.98500E+02
 2.06354E+03	 9.31500E+02
 2.06764E+03	 9.71000E+02
 2.07174E+03	 9.94500E+02
 2.07583E+03	 9.84000E+02
 2.07993E+03	 9.54000E+02
 2.08402E+03	 9.41500E+02
 2.08811E+03	 9.38000E+02
 2.09219E+03	 9.58500E+02
 2.09628E+03	 9.74000E+02
 2.10036E+03	 1.00600E+03
 2.10444E+03	 1.01300E+03
 2.10852E+03	 9.45500E+02
 2.11260E+03	 9.02500E+02
 2.11668E+03	 8.88500E+02
 2.12075E+03	 8.91000E+02
 2.12482E+03	 9.22500E+02
 2.12889E+03	 9.64000E+02
 2.13296E+03	 9.93000E+02
 2.13702E+03	 9.84500E+02
 2.14108E+03	 9.89500E+02
 2.14514E+03	 1.00950E+03
 2.14920E+03	 1.02800E+03
 2.15326E+03	 1.01650E+03
 2.15731E+03	 9.65000E+02
 2.16137E+03	 9.24500E+02
 2.16542E+03	 9.41500E+02
 2.16946E+03	 9.50500E+02
 2.17351E+03	 9.78000E+02
 2.17755E+03	 9.46500E+02
 2.18160E+03	 9.10500E+02
 2.18564E+03	 9.22000E+02
 2.18967E+03	 9.40500E+02
 2.19371E+03	 9.81000E+02
 2.19774E+03	 9.99500E+02
 2.20178E+03	 1.01950E+03
 2.20581E+03	 1.03150E+03
 2.20983E+03	 1.03550E+03
 2.21386E+03	 9.79500E+02
 2.21788E+03	 9.72000E+02
 2.22190E+03	 1.00950E+03
 2.22592E+03	 9.94000E+02
 2.22994E+03	 9.68000E+02
 2.23396E+03	 9.33500E+02
 2.23797E+03	 9.41000E+02
 2.24198E+03	 1.00450E+03
 2.24599E+03	 9.98500E+02
 2.25000E+03	 1.01850E+03
 2.25401E+03	 1.02950E+03
 2.25801E+03	 9.82500E+02
 2.26201E+03	 9.84000E+02
 2.26601E+03	 9.93500E+02
 2.27001E+03	 1.01300E+03
 2.27400E+03	 1.03950E+03
 2.27800E+03	 1.02700E+03
 2.28199E+03	 1.00250E+03
 2.28598E+03	 9.99000E+02
 2.28996E+03	 9.89500E+02
 2.29395E+03	 1.00400E+03
 2.29793E+03	 9.99500E+02
 2.30191E+03	 9.86000E+02
 2.30589E+03	 9.87000E+02
 2.30987E+03	 9.97000E+02
 2.31384E+03	 1.01550E+03
 2.31782E+03	 1.03400E+03
 2.32179E+03	 1.04550E+03
 2.32576E+03	 1.04800E+03
 2.32973E+03	 1.04500E+03
 2.33369E+03	 1.02750E+03
 2.33765E+03	 9.85000E+02
 2.34162E+03	 9.73500E+02
 2.34557E+03	 1.04250E+03
 2.34953E+03	 1.06550E+03
 2.35349E+03	 1.05250E+03
 2.35744E+03	 1.03350E+03
 2.36139E+03	 9.94500E+02
 2.36534E+03	 9.73000E+02
 2.36929E+03	 1.02300E+03
 2.37323E+03	 1.03950E+03
 2.37718E+03	 1.02800E+03
 2.38112E+03	 1.01650E+03
 2.38506E+03	 9.94000E+02
 2.38900E+03	 9.91500E+02
 2.39293E+03	 1.00750E+03
 2.39686E+03	 1.02300E+03
 2.40080E+03	 1.05850E+03
 2.40473E+03	 1.04350E+03
 2.40865E+03	 1.03900E+03
 2.41258E+03	 1.03650E+03
 2.41650E+03	 1.00150E+03
 2.42042E+03	 9.79000E+02
 2.42434E+03	 9.87000E+02
 2.42826E+03	 1.01400E+03
 2.43218E+03	 1.01800E+03
 2.43609E+03	 1.03300E+03
 2.44000E+03	 1.06600E+03
 2.44391E+03	 1.07400E+03
 2.44782E+03	 1.03650E+03
 2.45173E+03	 1.02050E+03
 2.45563E+03	 1.06200E+03
 2.45953E+03	 1.04550E+03
 2.46343E+03	 9.94500E+02
 2.46733E+03	 9.91500E+02
 2.47123E+03	 1.01700E+03
 2.47512E+03	 1.04000E+03
 2.47902E+03	 1.02150E+03
 2.48291E+03	 1.01800E+03
 2.48679E+03	 1.07000E+03
 2.49068E+03	 1.08300E+03
 2.49457E+03	 1.05300E+03
 2.49845E+03	 1.01000E+03
 2.50233E+03	 1.00900E+03
 2.50621E+03	 1.02850E+03
 2.51008E+03	 1.03100E+03
 2.51396E+03	 1.04800E+03
 2.51783E+03	 1.07250E+03
 2.52170E+03	 1.10850E+03
 2.52557E+03	 1.11900E+03
 2.52944E+03	 1.09900E+03
 2.53331E+03	 1.07500E+03
 2.53717E+03	 1.03500E+03
 2.54103E+03	 1.01850E+03
 2.54489E+03	 1.03800E+03
 2.54875E+03	 1.05150E+03
 2.55260E+03	 1.05050E+03
 2.55646E+03	 1.06850E+03
 2.56031E+03	 1.08200E+03
 2.56416E+03	 1.10350E+03
 2.56801E+03	 1.10850E+03
 2.57185E+03	 1.10200E+03
 2.57570E+03	 1.11900E+03
 2.57954E+03	 1.11300E+03
 2.58338E+03	 1.09650E+03
 2.58722E+03	 1.09000E+03
 2.59105E+03	 1.08400E+03
 2.59489E+03	 1.12050E+03
 2.59872E+03	 1.11100E+03
 2.60255E+03	 1.08650E+03
 2.60638E+03	 1.08750E+03
 2.61021E+03	 1.11000E+03
 2.61403E+03	 1.17100E+03
 2.61786E+03	 1.17900E+03
 2.62168E+03	 1.14300E+03
 2.62550E+03	 1.11200E+03
 2.62932E+03	 1.11550E+03
 2.63313E+03	 1.13000E+03
 2.63695E+03	 1.12150E+03
 2.64076E+03	 1.11350E+03
 2.64457E+03	 1.09750E+03
 2.64838E+03	 1.05500E+03
 2.65218E+03	 1.01850E+03
 2.65599E+03	 1.05750E+03
 2.65979E+03	 1.09150E+03
 2.66359E+03	 1.07850E+03
 2.66739E+03	 1.06700E+03
 2.67118E+03	 1.07800E+03
 2.67498E+03	 1.09900E+03
 2.67877E+03	 1.10150E+03
 2.68256E+03	 1.11350E+03
 2.68635E+03	 1.12950E+03
 2.69014E+03	 1.11000E+03
 2.69393E+03	 1.10450E+03
 2.69771E+03	 1.09900E+03
 2.70149E+03	 1.08000E+03
 2.70527E+03	 1.10200E+03
 2.70905E+03	 1.11200E+03
 2.71283E+03	 1.12450E+03
 2.71660E+03	 1.12200E+03
 2.72037E+03	 1.11400E+03
 2.72414E+03	 1.13650E+03
 2.72791E+03	 1.15650E+03
 2.73168E+03	 1.17600E+03
 2.73544E+03	 1.18250E+03
 2.73921E+03	 1.16550E+03
 2.74297E+03	 1.13500E+03
 2.74673E+03	 1.10050E+03
 2.75049E+03	 1.11350E+03
 2.75424E+03	 1.13650E+03
 2.75800E+03	 1.16050E+03
 2.76175E+03	 1.17950E+03
 2.76550E+03	 1.17850E+03
 2.76925E+03	 1.13750E+03
 2.77299E+03	 1.12300E+03
 2.77674E+03	 1.12600E+03
 2.78048E+03	 1.15800E+03
 2.78422E+03	 1.12450E+03
 2.78796E+03	 1.11800E+03
 2.79170E+03	 1.14300E+03
 2.79544E+03	 1.14350E+03
 2.79917E+03	 1.13900E+03
 2.80290E+03	 1.15350E+03
 2.80663E+03	 1.15850E+03
 2.81036E+03	 1.16650E+03
 2.81409E+03	 1.15250E+03
 2.81781E+03	 1.13550E+03
 2.82153E+03	 1.11950E+03
 2.82525E+03	 1.16400E+03
 2.82897E+03	 1.18150E+03
 2.83269E+03	 1.14200E+03
 2.83641E+03	 1.12600E+03
 2.84012E+03	 1.11150E+03
 2.84383E+03	 1.13500E+03
 2.84754E+03	 1.17600E+03
 2.85125E+03	 1.18200E+03
 2.85496E+03	 1.18200E+03
 2.85866E+03	 1.17700E+03
 2.86236E+03	 1.16350E+03
 2.86606E+03	 1.15650E+03
 2.86976E+03	 1.20650E+03
 2.87346E+03	 1.20650E+03
 2.87716E+03	 1.16350E+03
 2.88085E+03	 1.13250E+03
 2.88454E+03	 1.11100E+03
 2.88823E+03	 1.14350E+03
 2.89192E+03	 1.14400E+03
 2.89561E+03	 1.14900E+03
 2.89929E+03	 1.17600E+03
 2.90297E+03	 1.18550E+03
 2.90666E+03	 1.18250E+03
 2.91033E+03	 1.20450E+03
 2.91401E+03	 1.22450E+03
 2.91769E+03	 1.24550E+03
 2.92136E+03	 1.25350E+03
 2.92503E+03	 1.21150E+03
 2.92870E+03	 1.21250E+03
 2.93237E+03	 1.17500E+03
 2.93604E+03	 1.14600E+03
 2.93970E+03	 1.11500E+03
 2.94337E+03	 1.13350E+03
 2.94703E+03	 1.14500E+03
 2.95069E+03	 1.17250E+03
 2.95435E+03	 1.19700E+03
 2.95800E+03	 1.23850E+03
 2.96166E+03	 1.24650E+03
 2.96531E+03	 1.20800E+03
 2.96896E+03	 1.20250E+03
 2.97261E+03	 1.21750E+03
 2.97626E+03	 1.22600E+03
 2.97990E+03	 1.21550E+03
 2.98354E+03	 1.19600E+03
 2.98719E+03	 1.20700E+03
 2.99083E+03	 1.19650E+03
 2.99446E+03	 1.15350E+03
 2.99810E+03	 1.17400E+03
 3.00174E+03	 1.22650E+03
 3.00537E+03	 1.29100E+03
 3.00900E+03	 1.28200E+03
 3.01263E+03	 1.28450E+03
 3.01626E+03	 1.28550E+03
 3.01988E+03	 1.27800E+03
 3.02351E+03	 1.25350E+03
 3.02713E+03	 1.23250E+03
 3.03075E+03	 1.23500E+03
 3.03437E+03	 1.24200E+03
 3.03799E+03	 1.27300E+03
 3.04160E+03	 1.33200E+03
 3.04521E+03	 1.32100E+03
 3.04883E+03	 1.25500E+03
 3.05244E+03	 1.17350E+03
 3.05605E+03	 1.16250E+03
 3.05965E+03	 1.17350E+03
 3.06326E+03	 1.16050E+03
 3.06686E+03	 1.17650E+03
 3.07046E+03	 1.24350E+03
 3.07406E+03	 1.29250E+03
 3.07766E+03	 1.31600E+03
 3.08125E+03	 1.28850E+03
 3.08485E+03	 1.28650E+03
 3.08844E+03	 1.27050E+03
 3.09203E+03	 1.28950E+03
 3.09562E+03	 1.28400E+03
 3.09921E+03	 1.28750E+03
 3.10280E+03	 1.27250E+03
 3.10638E+03	 1.24600E+03
 3.10996E+03	 1.21500E+03
 3.11354E+03	 1.22700E+03
 3.11712E+03	 1.26700E+03
 3.12070E+03	 1.31300E+03
 3.12427E+03	 1.34900E+03
 3.12785E+03	 1.36500E+03
 3.13142E+03	 1.32500E+03
 3.13499E+03	 1.26400E+03
 3.13856E+03	 1.23000E+03
 3.14212E+03	 1.23250E+03
 3.14569E+03	 1.25300E+03
 3.14925E+03	 1.29550E+03
 3.15281E+03	 1.34450E+03
 3.15637E+03	 1.33000E+03
 3.15993E+03	 1.29150E+03
 3.16349E+03	 1.29950E+03
 3.16704E+03	 1.30750E+03
 3.17060E+03	 1.31300E+03
 3.17415E+03	 1.32350E+03
 3.17770E+03	 1.30800E+03
 3.18124E+03	 1.29250E+03
 3.18479E+03	 1.26500E+03
 3.18834E+03	 1.23500E+03
 3.19188E+03	 1.25800E+03
 3.19542E+03	 1.29100E+03
 3.19896E+03	 1.29100E+03
 3.20250E+03	 1.27850E+03
 3.20603E+03	 1.23300E+03
 3.20957E+03	 1.26200E+03
 3.21310E+03	 1.26150E+03
 3.21663E+03	 1.26700E+03
 3.22016E+03	 1.32700E+03
 3.22369E+03	 1.37150E+03
 3.22721E+03	 1.38050E+03
 3.23074E+03	 1.31200E+03
 3.23426E+03	 1.27500E+03
 3.23778E+03	 1.26850E+03
 3.24130E+03	 1.21150E+03
 3.24481E+03	 1.19200E+03
 3.24833E+03	 1.23650E+03
 3.25184E+03	 1.25550E+03
 3.25536E+03	 1.24450E+03
 3.25887E+03	 1.26550E+03
 3.26238E+03	 1.29950E+03
 3.26588E+03	 1.29050E+03
 3.26939E+03	 1.27000E+03
 3.27289E+03	 1.29950E+03
 3.27639E+03	 1.33350E+03
 3.27989E+03	 1.33400E+03
 3.28339E+03	 1.33600E+03
 3.28689E+03	 1.33400E+03
 3.29039E+03	 1.32750E+03
 3.29388E+03	 1.36050E+03
 3.29737E+03	 1.38800E+03
 3.30086E+03	 1.39750E+03
 3.30435E+03	 1.39350E+03
 3.30784E+03	 1.34750E+03
 3.31132E+03	 1.29550E+03
 3.31481E+03	 1.30850E+03
 3.31829E+03	 1.33250E+03
 3.32177E+03	 1.36400E+03
 3.32525E+03	 1.35750E+03
 3.32873E+03	 1.36350E+03
 3.33220E+03	 1.34250E+03
 3.33567E+03	 1.34600E+03
 3.33915E+03	 1.36500E+03
 3.34262E+03	 1.37300E+03
 3.34609E+03	 1.35500E+03
 3.34955E+03	 1.30150E+03
 3.35302E+03	 1.28600E+03
 3.35648E+03	 1.32900E+03
 3.35994E+03	 1.34650E+03
 3.36341E+03	 1.33650E+03
 3.36686E+03	 1.36900E+03
 3.37032E+03	 1.39000E+03
 3.37378E+03	 1.38200E+03
 3.37723E+03	 1.34350E+03
 3.38068E+03	 1.35500E+03
 3.38413E+03	 1.35800E+03
 3.38758E+03	 1.39050E+03
 3.39103E+03	 1.39300E+03
 3.39448E+03	 1.31850E+03
 3.39792E+03	 1.27600E+03
 3.40136E+03	 1.28100E+03
 3.40480E+03	 1.29550E+03
 3.40824E+03	 1.30900E+03
 3.41168E+03	 1.35200E+03
 3.41512E+03	 1.35500E+03
 3.41855E+03	 1.35850E+03
 3.42198E+03	 1.36400E+03
 3.42541E+03	 1.33050E+03
 3.42884E+03	 1.31150E+03
 3.43227E+03	 1.31800E+03
 3.43570E+03	 1.30600E+03
 3.43912E+03	 1.28450E+03
 3.44254E+03	 1.29950E+03
 3.44597E+03	 1.35700E+03
 3.44939E+03	 1.38500E+03
 3.45280E+03	 1.35300E+03
 3.45622E+03	 1.32750E+03
 3.45963E+03	 1.28950E+03
 3.46305E+03	 1.30400E+03
 3.46646E+03	 1.29850E+03
 3.46987E+03	 1.26050E+03
 3.47328E+03	 1.27050E+03
 3.47668E+03	 1.37150E+03
 3.48009E+03	 1.44200E+03
 3.48349E+03	 1.42350E+03
 3.48689E+03	 1.39350E+03
 3.49029E+03	 1.36200E+03
 3.49369E+03	 1.33100E+03
 3.49709E+03	 1.33600E+03
 3.50049E+03	 1.38200E+03
 3.50388E+03	 1.36800E+03
 3.50727E+03	 1.31100E+03
 3.51066E+03	 1.25500E+03
 3.51405E+03	 1.21050E+03
 3.51744E+03	 1.24250E+03
 3.52082E+03	 1.31900E+03
 3.52421E+03	 1.37900E+03
 3.52759E+03	 1.43400E+03
 3.53097E+03	 1.46400E+03
 3.53435E+03	 1.41300E+03
 3.53773E+03	 1.29100E+03
 3.54110E+03	 1.22900E+03
 3.54448E+03	 1.28900E+03
 3.54785E+03	 1.37650E+03
 3.55122E+03	 1.38850E+03
 3.55459E+03	 1.36700E+03
 3.55796E+03	 1.39400E+03
 3.56133E+03	 1.45500E+03
 3.56469E+03	 1.45700E+03
 3.56806E+03	 1.42700E+03
 3.57142E+03	 1.35700E+03
 3.57478E+03	 1.31800E+03
 3.57814E+03	 1.32050E+03
 3.58149E+03	 1.35000E+03
 3.58485E+03	 1.36050E+03
 3.58820E+03	 1.34250E+03
 3.59156E+03	 1.35300E+03
 3.59491E+03	 1.38650E+03
 3.59826E+03	 1.42500E+03
 3.60160E+03	 1.44900E+03
 3.60495E+03	 1.47850E+03
 3.60829E+03	 1.44500E+03
 3.61164E+03	 1.41700E+03
 3.61498E+03	 1.37000E+03
 3.61832E+03	 1.35200E+03
 3.62166E+03	 1.36850E+03
 3.62499E+03	 1.38950E+03
 3.62833E+03	 1.41750E+03
 3.63166E+03	 1.39800E+03
 3.63499E+03	 1.38400E+03
 3.63832E+03	 1.39700E+03
 3.64165E+03	 1.42300E+03
 3.64498E+03	 1.44250E+03
 3.64831E+03	 1.44200E+03
 3.65163E+03	 1.46500E+03
 3.65495E+03	 1.48800E+03
 3.65827E+03	 1.51950E+03
 3.66159E+03	 1.48100E+03
 3.66491E+03	 1.40850E+03
 3.66823E+03	 1.34100E+03
 3.67154E+03	 1.31000E+03
 3.67485E+03	 1.31650E+03
 3.67817E+03	 1.38550E+03
 3.68148E+03	 1.47650E+03
 3.68478E+03	 1.54300E+03
 3.68809E+03	 1.51800E+03
 3.69140E+03	 1.44000E+03
 3.69470E+03	 1.40600E+03
 3.69800E+03	 1.41700E+03
 3.70130E+03	 1.42900E+03
 3.70460E+03	 1.41100E+03
 3.70790E+03	 1.41800E+03
 3.71120E+03	 1.43650E+03
 3.71449E+03	 1.39800E+03
 3.71778E+03	 1.36050E+03
 3.72108E+03	 1.38100E+03
 3.72437E+03	 1.40100E+03
 3.72765E+03	 1.46450E+03
 3.73094E+03	 1.52000E+03
 3.73423E+03	 1.50200E+03
 3.73751E+03	 1.42900E+03
 3.74079E+03	 1.36500E+03
 3.74407E+03	 1.33400E+03
 3.74735E+03	 1.31850E+03
 3.75063E+03	 1.32200E+03
 3.75391E+03	 1.36150E+03
 3.75718E+03	 1.42350E+03
 3.76045E+03	 1.43700E+03
 3.76373E+03	 1.42950E+03
 3.76700E+03	 1.37650E+03
 3.77026E+03	 1.40400E+03
 3.77353E+03	 1.44950E+03
 3.77680E+03	 1.43700E+03
 3.78006E+03	 1.42750E+03
 3.78332E+03	 1.41600E+03
 3.78658E+03	 1.41900E+03
 3.78984E+03	 1.43000E+03
 3.79310E+03	 1.42600E+03
 3.79636E+03	 1.48150E+03
 3.79961E+03	 1.53550E+03
 3.80287E+03	 1.57200E+03
 3.80612E+03	 1.56950E+03
 3.80937E+03	 1.48650E+03
 3.81262E+03	 1.41000E+03
 3.81586E+03	 1.34650E+03
 3.81911E+03	 1.35050E+03
 3.82235E+03	 1.44700E+03
 3.82560E+03	 1.46750E+03
 3.82884E+03	 1.48700E+03
 3.83208E+03	 1.48250E+03
 3.83532E+03	 1.47450E+03
 3.83855E+03	 1.45400E+03
 3.84179E+03	 1.42950E+03
 3.84502E+03	 1.44750E+03
 3.84825E+03	 1.46050E+03
 3.85148E+03	 1.48350E+03
 3.85471E+03	 1.52850E+03
 3.85794E+03	 1.55550E+03
 3.86117E+03	 1.54000E+03
 3.86439E+03	 1.56300E+03
 3.86762E+03	 1.57000E+03
 3.87084E+03	 1.51350E+03
 3.87406E+03	 1.44200E+03
 3.87728E+03	 1.43750E+03
 3.88049E+03	 1.47600E+03
 3.88371E+03	 1.52450E+03
 3.88692E+03	 1.55650E+03
 3.89014E+03	 1.53250E+03
 3.89335E+03	 1.52700E+03
 3.89656E+03	 1.52000E+03
 3.89977E+03	 1.53750E+03
 3.90297E+03	 1.53400E+03
 3.90618E+03	 1.55200E+03
 3.90938E+03	 1.52750E+03
 3.91258E+03	 1.47450E+03
 3.91579E+03	 1.46950E+03
 3.91898E+03	 1.49900E+03
 3.92218E+03	 1.51000E+03
 3.92538E+03	 1.49950E+03
 3.92857E+03	 1.49000E+03
 3.93177E+03	 1.48400E+03
 3.93496E+03	 1.52000E+03
 3.93815E+03	 1.56800E+03
 3.94134E+03	 1.57450E+03
 3.94453E+03	 1.52850E+03
 3.94771E+03	 1.52700E+03
 3.95090E+03	 1.55500E+03
 3.95408E+03	 1.55750E+03
 3.95726E+03	 1.54600E+03
 3.96044E+03	 1.46950E+03
 3.96362E+03	 1.43450E+03
 3.96680E+03	 1.45350E+03
 3.96997E+03	 1.50600E+03
 3.97315E+03	 1.55000E+03
 3.97632E+03	 1.54000E+03
 3.97949E+03	 1.50200E+03
 3.98266E+03	 1.50450E+03
 3.98583E+03	 1.50050E+03
 3.98900E+03	 1.50150E+03
 3.99216E+03	 1.48600E+03
 3.99533E+03	 1.46750E+03
 3.99849E+03	 1.46750E+03
 4.00165E+03	 1.47000E+03
 4.00481E+03	 1.44550E+03
 4.00797E+03	 1.44950E+03
 4.01113E+03	 1.46600E+03
 4.01428E+03	 1.49250E+03
 4.01744E+03	 1.54350E+03
 4.02059E+03	 1.58000E+03
 4.02374E+03	 1.57450E+03
 4.02689E+03	 1.58150E+03
 4.03004E+03	 1.61650E+03
 4.03318E+03	 1.61400E+03
 4.03633E+03	 1.57150E+03
 4.03947E+03	 1.56300E+03
 4.04262E+03	 1.57650E+03
 4.04576E+03	 1.61100E+03
 4.04890E+03	 1.61150E+03
 4.05203E+03	 1.62550E+03
 4.05517E+03	 1.62650E+03
 4.05831E+03	 1.63000E+03
 4.06144E+03	 1.66400E+03
