-1.03034E+02	 2.27195E+03
-9.77694E+01	 2.29270E+03
-9.25079E+01	 2.32095E+03
-8.72494E+01	 2.33935E+03
-8.19938E+01	 2.36620E+03
-7.67412E+01	 2.38760E+03
-7.14916E+01	 2.41460E+03
-6.62450E+01	 2.43715E+03
-6.10013E+01	 2.46485E+03
-5.57605E+01	 2.48725E+03
-5.05228E+01	 2.51690E+03
-4.52879E+01	 2.54255E+03
-4.00561E+01	 2.56495E+03
-3.48271E+01	 2.59035E+03
-2.96012E+01	 2.61565E+03
-2.43781E+01	 2.64035E+03
-1.91580E+01	 2.66245E+03
-1.39409E+01	 2.69115E+03
-8.72666E+00	 2.71400E+03
-3.51538E+00	 2.74040E+03
 1.69298E+00	 2.76825E+03
 6.89840E+00	 2.79495E+03
 1.21009E+01	 2.82190E+03
 1.73005E+01	 2.85015E+03
 2.24971E+01	 2.87870E+03
 2.76908E+01	 2.91430E+03
 3.28816E+01	 2.93355E+03
 3.80695E+01	 2.96465E+03
 4.32545E+01	 2.99670E+03
 4.84366E+01	 3.01715E+03
 5.36157E+01	 3.05535E+03
 5.87920E+01	 3.07975E+03
 6.39653E+01	 3.10700E+03
 6.91358E+01	 3.13270E+03
 7.43033E+01	 3.16425E+03
 7.94680E+01	 3.19470E+03
 8.46297E+01	 3.22375E+03
 8.97886E+01	 3.25490E+03
 9.49446E+01	 3.28550E+03
 1.00098E+02	 3.31420E+03
 1.05248E+02	 3.33805E+03
 1.10395E+02	 3.36445E+03
 1.15540E+02	 3.40220E+03
 1.20681E+02	 3.43355E+03
 1.25820E+02	 3.46295E+03
 1.30956E+02	 3.49310E+03
 1.36089E+02	 3.51820E+03
 1.41219E+02	 3.55520E+03
 1.46346E+02	 3.58825E+03
 1.51470E+02	 3.62060E+03
 1.56592E+02	 3.65535E+03
 1.61710E+02	 3.69340E+03
 1.66826E+02	 3.71980E+03
 1.71939E+02	 3.76155E+03
 1.77049E+02	 3.78800E+03
 1.82156E+02	 3.81785E+03
 1.87260E+02	 3.85975E+03
 1.92362E+02	 3.89915E+03
 1.97461E+02	 3.93180E+03
 2.02556E+02	 3.97085E+03
 2.07649E+02	 4.00465E+03
 2.12739E+02	 4.02960E+03
 2.17827E+02	 4.06615E+03
 2.22911E+02	 4.09915E+03
 2.27993E+02	 4.14275E+03
 2.33072E+02	 4.17260E+03
 2.38148E+02	 4.20965E+03
 2.43221E+02	 4.24790E+03
 2.48291E+02	 4.27995E+03
 2.53359E+02	 4.31250E+03
 2.58423E+02	 4.34840E+03
 2.63485E+02	 4.38655E+03
 2.68544E+02	 4.42140E+03
 2.73600E+02	 4.46125E+03
 2.78654E+02	 4.49435E+03
 2.83704E+02	 4.53255E+03
 2.88752E+02	 4.56870E+03
 2.93797E+02	 4.60980E+03
 2.98840E+02	 4.64440E+03
 3.03879E+02	 4.67895E+03
 3.08916E+02	 4.72135E+03
 3.13949E+02	 4.76225E+03
 3.18980E+02	 4.79825E+03
 3.24009E+02	 4.84015E+03
 3.29034E+02	 4.88265E+03
 3.34057E+02	 4.91435E+03
 3.39077E+02	 4.95190E+03
 3.44094E+02	 4.99025E+03
 3.49108E+02	 5.03330E+03
 3.54120E+02	 5.07200E+03
 3.59129E+02	 5.11515E+03
 3.64135E+02	 5.15970E+03
 3.69138E+02	 5.19430E+03
 3.74138E+02	 5.24045E+03
 3.79136E+02	 5.27335E+03
 3.84131E+02	 5.32175E+03
 3.89123E+02	 5.35940E+03
 3.94113E+02	 5.40605E+03
 3.99099E+02	 5.44140E+03
 4.04083E+02	 5.47680E+03
 4.09064E+02	 5.52455E+03
 4.14043E+02	 5.56675E+03
 4.19019E+02	 5.60990E+03
 4.23991E+02	 5.65040E+03
 4.28962E+02	 5.69250E+03
 4.33929E+02	 5.73295E+03
 4.38894E+02	 5.78715E+03
 4.43856E+02	 5.82210E+03
 4.48815E+02	 5.86950E+03
 4.53771E+02	 5.91895E+03
 4.58725E+02	 5.95655E+03
 4.63676E+02	 5.99545E+03
 4.68625E+02	 6.05015E+03
 4.73570E+02	 6.09325E+03
 4.78513E+02	 6.13250E+03
 4.83453E+02	 6.18030E+03
 4.88391E+02	 6.22770E+03
 4.93325E+02	 6.26545E+03
 4.98257E+02	 6.31230E+03
 5.03187E+02	 6.35965E+03
 5.08113E+02	 6.40015E+03
 5.13037E+02	 6.45525E+03
 5.17958E+02	 6.49990E+03
 5.22877E+02	 6.55125E+03
 5.27792E+02	 6.59405E+03
 5.32706E+02	 6.64175E+03
 5.37616E+02	 6.68370E+03
 5.42524E+02	 6.73160E+03
 5.47429E+02	 6.78555E+03
 5.52331E+02	 6.82830E+03
 5.57230E+02	 6.88405E+03
 5.62127E+02	 6.93830E+03
 5.67022E+02	 6.98155E+03
 5.71913E+02	 7.02100E+03
 5.76802E+02	 7.07210E+03
 5.81688E+02	 7.12100E+03
 5.86572E+02	 7.17330E+03
 5.91452E+02	 7.22355E+03
 5.96331E+02	 7.27030E+03
 6.01206E+02	 7.31015E+03
 6.06079E+02	 7.36980E+03
 6.10949E+02	 7.41700E+03
 6.15817E+02	 7.46245E+03
 6.20681E+02	 7.50465E+03
 6.25544E+02	 7.55795E+03
 6.30403E+02	 7.61600E+03
 6.35260E+02	 7.65795E+03
 6.40114E+02	 7.71435E+03
 6.44966E+02	 7.77625E+03
 6.49815E+02	 7.82610E+03
 6.54661E+02	 7.86690E+03
 6.59505E+02	 7.92405E+03
 6.64346E+02	 7.96680E+03
 6.69184E+02	 8.02870E+03
 6.74020E+02	 8.07785E+03
 6.78853E+02	 8.12875E+03
 6.83683E+02	 8.18360E+03
 6.88511E+02	 8.23370E+03
 6.93336E+02	 8.27680E+03
 6.98159E+02	 8.33850E+03
 7.02978E+02	 8.39250E+03
 7.07796E+02	 8.44185E+03
 7.12610E+02	 8.49940E+03
 7.17422E+02	 8.55745E+03
 7.22232E+02	 8.60545E+03
 7.27039E+02	 8.65830E+03
 7.31843E+02	 8.71210E+03
 7.36644E+02	 8.76605E+03
 7.41443E+02	 8.82450E+03
 7.46240E+02	 8.88410E+03
 7.51033E+02	 8.93935E+03
 7.55825E+02	 9.00130E+03
 7.60613E+02	 9.04245E+03
 7.65399E+02	 9.09500E+03
 7.70182E+02	 9.15585E+03
 7.74963E+02	 9.21170E+03
 7.79741E+02	 9.26905E+03
 7.84517E+02	 9.32085E+03
 7.89290E+02	 9.39175E+03
 7.94060E+02	 9.44090E+03
 7.98828E+02	 9.50000E+03
 8.03593E+02	 9.55135E+03
 8.08356E+02	 9.61750E+03
 8.13116E+02	 9.68365E+03
 8.17873E+02	 9.73730E+03
 8.22628E+02	 9.79985E+03
 8.27380E+02	 9.85205E+03
 8.32130E+02	 9.91890E+03
 8.36877E+02	 9.97775E+03
 8.41622E+02	 1.00318E+04
 8.46364E+02	 1.00956E+04
 8.51103E+02	 1.01658E+04
 8.55840E+02	 1.02135E+04
 8.60575E+02	 1.02738E+04
 8.65306E+02	 1.03278E+04
 8.70036E+02	 1.03985E+04
 8.74762E+02	 1.04618E+04
 8.79486E+02	 1.05117E+04
 8.84208E+02	 1.05803E+04
 8.88927E+02	 1.06525E+04
 8.93644E+02	 1.06958E+04
 8.98357E+02	 1.07615E+04
 9.03069E+02	 1.08262E+04
 9.07778E+02	 1.08778E+04
 9.12484E+02	 1.09528E+04
 9.17188E+02	 1.10048E+04
 9.21889E+02	 1.10779E+04
 9.26588E+02	 1.11300E+04
 9.31284E+02	 1.11855E+04
 9.35977E+02	 1.12649E+04
 9.40669E+02	 1.13155E+04
 9.45357E+02	 1.13873E+04
 9.50043E+02	 1.14503E+04
 9.54727E+02	 1.15291E+04
 9.59408E+02	 1.15885E+04
 9.64086E+02	 1.16474E+04
 9.68762E+02	 1.17175E+04
 9.73436E+02	 1.17858E+04
 9.78107E+02	 1.18460E+04
 9.82775E+02	 1.19097E+04
 9.87441E+02	 1.19747E+04
 9.92104E+02	 1.20524E+04
 9.96765E+02	 1.21122E+04
 1.00142E+03	 1.21729E+04
 1.00608E+03	 1.22551E+04
 1.01073E+03	 1.23133E+04
 1.01538E+03	 1.23883E+04
 1.02003E+03	 1.24608E+04
 1.02468E+03	 1.25296E+04
 1.02932E+03	 1.25757E+04
 1.03396E+03	 1.26518E+04
 1.03860E+03	 1.27222E+04
 1.04324E+03	 1.27998E+04
 1.04787E+03	 1.28668E+04
 1.05250E+03	 1.29250E+04
 1.05713E+03	 1.29960E+04
 1.06176E+03	 1.30654E+04
 1.06638E+03	 1.31414E+04
 1.07100E+03	 1.32103E+04
 1.07562E+03	 1.32683E+04
 1.08024E+03	 1.33455E+04
 1.08485E+03	 1.34215E+04
 1.08946E+03	 1.34925E+04
 1.09407E+03	 1.35498E+04
 1.09868E+03	 1.36235E+04
 1.10328E+03	 1.37063E+04
 1.10788E+03	 1.37615E+04
 1.11248E+03	 1.38288E+04
 1.11708E+03	 1.39118E+04
 1.12167E+03	 1.39786E+04
 1.12626E+03	 1.40515E+04
 1.13085E+03	 1.40999E+04
 1.13544E+03	 1.41732E+04
 1.14002E+03	 1.42513E+04
 1.14460E+03	 1.43141E+04
 1.14918E+03	 1.44038E+04
 1.15376E+03	 1.44645E+04
 1.15833E+03	 1.45237E+04
 1.16291E+03	 1.45892E+04
 1.16748E+03	 1.46664E+04
 1.17204E+03	 1.47371E+04
 1.17661E+03	 1.48137E+04
 1.18117E+03	 1.48875E+04
 1.18573E+03	 1.49637E+04
 1.19029E+03	 1.50493E+04
 1.19484E+03	 1.50973E+04
 1.19939E+03	 1.51818E+04
 1.20394E+03	 1.52646E+04
 1.20849E+03	 1.53370E+04
 1.21304E+03	 1.54108E+04
 1.21758E+03	 1.54887E+04
 1.22212E+03	 1.55731E+04
 1.22666E+03	 1.56445E+04
 1.23119E+03	 1.57138E+04
 1.23573E+03	 1.57817E+04
 1.24026E+03	 1.58740E+04
 1.24479E+03	 1.59348E+04
 1.24931E+03	 1.60287E+04
 1.25384E+03	 1.60955E+04
 1.25836E+03	 1.61622E+04
 1.26288E+03	 1.62316E+04
 1.26739E+03	 1.63218E+04
 1.27191E+03	 1.63752E+04
 1.27642E+03	 1.64687E+04
 1.28093E+03	 1.65184E+04
 1.28543E+03	 1.65994E+04
 1.28994E+03	 1.66698E+04
 1.29444E+03	 1.67372E+04
 1.29894E+03	 1.67863E+04
 1.30344E+03	 1.68322E+04
 1.30793E+03	 1.68748E+04
 1.31243E+03	 1.69641E+04
 1.31692E+03	 1.70357E+04
 1.32140E+03	 1.71175E+04
 1.32589E+03	 1.71562E+04
 1.33037E+03	 1.72271E+04
 1.33485E+03	 1.72821E+04
 1.33933E+03	 1.73422E+04
 1.34381E+03	 1.74072E+04
 1.34828E+03	 1.74556E+04
 1.35275E+03	 1.75228E+04
 1.35722E+03	 1.75817E+04
 1.36169E+03	 1.76508E+04
 1.36615E+03	 1.76991E+04
 1.37061E+03	 1.77718E+04
 1.37507E+03	 1.78276E+04
 1.37953E+03	 1.78793E+04
 1.38398E+03	 1.79324E+04
 1.38844E+03	 1.79838E+04
 1.39289E+03	 1.80538E+04
 1.39733E+03	 1.80966E+04
 1.40178E+03	 1.81576E+04
 1.40622E+03	 1.81986E+04
 1.41066E+03	 1.82622E+04
 1.41510E+03	 1.83111E+04
 1.41954E+03	 1.83578E+04
 1.42397E+03	 1.84308E+04
 1.42840E+03	 1.84786E+04
 1.43283E+03	 1.85230E+04
 1.43726E+03	 1.85798E+04
 1.44168E+03	 1.86419E+04
 1.44610E+03	 1.87022E+04
 1.45052E+03	 1.87591E+04
 1.45494E+03	 1.88029E+04
 1.45936E+03	 1.88428E+04
 1.46377E+03	 1.89311E+04
 1.46818E+03	 1.89681E+04
 1.47259E+03	 1.90166E+04
 1.47699E+03	 1.90879E+04
 1.48140E+03	 1.91436E+04
 1.48580E+03	 1.91923E+04
 1.49020E+03	 1.92371E+04
 1.49459E+03	 1.93259E+04
 1.49899E+03	 1.93729E+04
 1.50338E+03	 1.94238E+04
 1.50777E+03	 1.94651E+04
 1.51216E+03	 1.95108E+04
 1.51654E+03	 1.95717E+04
 1.52092E+03	 1.96116E+04
 1.52530E+03	 1.96679E+04
 1.52968E+03	 1.97234E+04
 1.53406E+03	 1.97786E+04
 1.53843E+03	 1.98205E+04
 1.54280E+03	 1.98650E+04
 1.54717E+03	 1.99492E+04
 1.55154E+03	 1.99816E+04
 1.55590E+03	 2.00408E+04
 1.56027E+03	 2.00934E+04
 1.56463E+03	 2.01499E+04
 1.56898E+03	 2.02112E+04
 1.57334E+03	 2.02477E+04
 1.57769E+03	 2.03091E+04
 1.58204E+03	 2.03609E+04
 1.58639E+03	 2.04118E+04
 1.59074E+03	 2.04576E+04
 1.59508E+03	 2.05330E+04
 1.59942E+03	 2.05518E+04
 1.60376E+03	 2.06133E+04
 1.60810E+03	 2.06553E+04
 1.61243E+03	 2.07057E+04
 1.61677E+03	 2.07569E+04
 1.62110E+03	 2.08280E+04
 1.62542E+03	 2.08632E+04
 1.62975E+03	 2.09176E+04
 1.63407E+03	 2.09576E+04
 1.63840E+03	 2.10364E+04
 1.64271E+03	 2.10627E+04
 1.64703E+03	 2.11186E+04
 1.65135E+03	 2.11733E+04
 1.65566E+03	 2.12198E+04
 1.65997E+03	 2.12652E+04
 1.66428E+03	 2.13218E+04
 1.66858E+03	 2.13784E+04
 1.67289E+03	 2.14434E+04
 1.67719E+03	 2.14819E+04
 1.68149E+03	 2.15308E+04
 1.68578E+03	 2.15586E+04
 1.69008E+03	 2.16318E+04
 1.69437E+03	 2.16794E+04
 1.69866E+03	 2.17104E+04
 1.70295E+03	 2.17807E+04
 1.70723E+03	 2.18168E+04
 1.71152E+03	 2.18709E+04
 1.71580E+03	 2.19038E+04
 1.72008E+03	 2.19607E+04
 1.72435E+03	 2.20282E+04
 1.72863E+03	 2.20673E+04
 1.73290E+03	 2.21176E+04
 1.73717E+03	 2.21457E+04
 1.74144E+03	 2.21950E+04
 1.74570E+03	 2.22486E+04
 1.74997E+03	 2.22959E+04
 1.75423E+03	 2.23397E+04
 1.75849E+03	 2.24055E+04
 1.76274E+03	 2.24473E+04
 1.76700E+03	 2.24991E+04
 1.77125E+03	 2.25617E+04
 1.77550E+03	 2.25757E+04
 1.77975E+03	 2.26341E+04
 1.78399E+03	 2.26708E+04
 1.78824E+03	 2.27167E+04
 1.79248E+03	 2.27546E+04
 1.79672E+03	 2.28071E+04
 1.80095E+03	 2.28508E+04
 1.80519E+03	 2.29009E+04
 1.80942E+03	 2.29268E+04
 1.81365E+03	 2.29900E+04
 1.81788E+03	 2.30208E+04
 1.82211E+03	 2.30826E+04
 1.82633E+03	 2.31244E+04
 1.83055E+03	 2.31793E+04
 1.83477E+03	 2.31948E+04
 1.83899E+03	 2.32558E+04
 1.84320E+03	 2.32878E+04
 1.84742E+03	 2.33481E+04
 1.85163E+03	 2.33874E+04
 1.85584E+03	 2.34333E+04
 1.86004E+03	 2.34679E+04
 1.86425E+03	 2.35156E+04
 1.86845E+03	 2.35548E+04
 1.87265E+03	 2.35871E+04
 1.87685E+03	 2.36098E+04
 1.88104E+03	 2.36608E+04
 1.88524E+03	 2.36850E+04
 1.88943E+03	 2.37316E+04
 1.89362E+03	 2.37655E+04
 1.89780E+03	 2.37859E+04
 1.90199E+03	 2.38641E+04
 1.90617E+03	 2.38874E+04
 1.91035E+03	 2.38958E+04
 1.91453E+03	 2.39661E+04
 1.91871E+03	 2.39954E+04
 1.92288E+03	 2.40358E+04
 1.92705E+03	 2.40858E+04
 1.93122E+03	 2.41360E+04
 1.93539E+03	 2.41707E+04
 1.93956E+03	 2.42047E+04
 1.94372E+03	 2.42228E+04
 1.94788E+03	 2.42960E+04
 1.95204E+03	 2.43231E+04
 1.95620E+03	 2.43348E+04
 1.96035E+03	 2.44053E+04
 1.96451E+03	 2.44260E+04
 1.96866E+03	 2.44534E+04
 1.97280E+03	 2.44779E+04
 1.97695E+03	 2.45254E+04
 1.98110E+03	 2.45554E+04
 1.98524E+03	 2.45863E+04
 1.98938E+03	 2.46150E+04
 1.99352E+03	 2.46584E+04
 1.99765E+03	 2.46813E+04
 2.00179E+03	 2.47261E+04
 2.00592E+03	 2.47553E+04
 2.01005E+03	 2.48008E+04
 2.01417E+03	 2.48306E+04
 2.01830E+03	 2.48603E+04
 2.02242E+03	 2.49088E+04
 2.02654E+03	 2.49378E+04
 2.03066E+03	 2.49700E+04
 2.03478E+03	 2.50154E+04
 2.03889E+03	 2.50314E+04
 2.04301E+03	 2.50903E+04
 2.04712E+03	 2.51249E+04
 2.05123E+03	 2.51416E+04
 2.05533E+03	 2.51666E+04
 2.05944E+03	 2.52333E+04
 2.06354E+03	 2.52335E+04
 2.06764E+03	 2.52711E+04
 2.07174E+03	 2.53110E+04
 2.07583E+03	 2.53320E+04
 2.07993E+03	 2.53744E+04
 2.08402E+03	 2.53844E+04
 2.08811E+03	 2.54375E+04
 2.09219E+03	 2.54508E+04
 2.09628E+03	 2.54928E+04
 2.10036E+03	 2.55193E+04
 2.10444E+03	 2.55624E+04
 2.10852E+03	 2.55919E+04
 2.11260E+03	 2.56356E+04
 2.11668E+03	 2.56788E+04
 2.12075E+03	 2.57082E+04
 2.12482E+03	 2.57483E+04
 2.12889E+03	 2.57854E+04
 2.13296E+03	 2.58151E+04
 2.13702E+03	 2.58413E+04
 2.14108E+03	 2.58798E+04
 2.14514E+03	 2.59344E+04
 2.14920E+03	 2.59731E+04
 2.15326E+03	 2.60003E+04
 2.15731E+03	 2.60499E+04
 2.16137E+03	 2.61102E+04
 2.16542E+03	 2.61252E+04
 2.16946E+03	 2.61409E+04
 2.17351E+03	 2.61848E+04
 2.17755E+03	 2.62254E+04
 2.18160E+03	 2.62694E+04
 2.18564E+03	 2.63009E+04
 2.18967E+03	 2.63126E+04
 2.19371E+03	 2.63238E+04
 2.19774E+03	 2.63797E+04
 2.20178E+03	 2.64207E+04
 2.20581E+03	 2.64554E+04
 2.20983E+03	 2.64728E+04
 2.21386E+03	 2.65123E+04
 2.21788E+03	 2.65591E+04
 2.22190E+03	 2.65875E+04
 2.22592E+03	 2.66124E+04
 2.22994E+03	 2.66566E+04
 2.23396E+03	 2.66716E+04
 2.23797E+03	 2.67126E+04
 2.24198E+03	 2.67281E+04
 2.24599E+03	 2.67568E+04
 2.25000E+03	 2.68081E+04
 2.25401E+03	 2.68524E+04
 2.25801E+03	 2.68978E+04
 2.26201E+03	 2.69408E+04
 2.26601E+03	 2.69335E+04
 2.27001E+03	 2.69786E+04
 2.27400E+03	 2.70117E+04
 2.27800E+03	 2.70397E+04
 2.28199E+03	 2.70730E+04
 2.28598E+03	 2.71105E+04
 2.28996E+03	 2.71503E+04
 2.29395E+03	 2.71638E+04
 2.29793E+03	 2.71917E+04
 2.30191E+03	 2.72121E+04
 2.30589E+03	 2.72436E+04
 2.30987E+03	 2.72849E+04
 2.31384E+03	 2.73071E+04
 2.31782E+03	 2.73556E+04
 2.32179E+03	 2.73751E+04
 2.32576E+03	 2.74006E+04
 2.32973E+03	 2.74441E+04
 2.33369E+03	 2.74782E+04
 2.33765E+03	 2.75037E+04
 2.34162E+03	 2.75262E+04
 2.34557E+03	 2.75673E+04
 2.34953E+03	 2.75877E+04
 2.35349E+03	 2.76501E+04
 2.35744E+03	 2.76770E+04
 2.36139E+03	 2.77034E+04
 2.36534E+03	 2.77142E+04
 2.36929E+03	 2.77833E+04
 2.37323E+03	 2.77991E+04
 2.37718E+03	 2.78081E+04
 2.38112E+03	 2.78475E+04
 2.38506E+03	 2.78762E+04
 2.38900E+03	 2.79049E+04
 2.39293E+03	 2.79403E+04
 2.39686E+03	 2.79709E+04
 2.40080E+03	 2.79746E+04
 2.40473E+03	 2.80043E+04
 2.40865E+03	 2.80539E+04
 2.41258E+03	 2.80948E+04
 2.41650E+03	 2.80953E+04
 2.42042E+03	 2.81298E+04
 2.42434E+03	 2.81576E+04
 2.42826E+03	 2.81871E+04
 2.43218E+03	 2.82198E+04
 2.43609E+03	 2.82487E+04
 2.44000E+03	 2.82956E+04
 2.44391E+03	 2.83181E+04
 2.44782E+03	 2.83486E+04
 2.45173E+03	 2.83873E+04
 2.45563E+03	 2.84258E+04
 2.45953E+03	 2.84338E+04
 2.46343E+03	 2.84648E+04
 2.46733E+03	 2.85269E+04
 2.47123E+03	 2.85626E+04
 2.47512E+03	 2.85715E+04
 2.47902E+03	 2.85979E+04
 2.48291E+03	 2.86267E+04
 2.48679E+03	 2.86453E+04
 2.49068E+03	 2.86623E+04
 2.49457E+03	 2.87303E+04
 2.49845E+03	 2.87153E+04
 2.50233E+03	 2.87667E+04
 2.50621E+03	 2.88006E+04
 2.51008E+03	 2.88361E+04
 2.51396E+03	 2.88558E+04
 2.51783E+03	 2.88645E+04
 2.52170E+03	 2.89291E+04
 2.52557E+03	 2.89564E+04
 2.52944E+03	 2.89679E+04
 2.53331E+03	 2.89939E+04
 2.53717E+03	 2.90380E+04
 2.54103E+03	 2.90581E+04
 2.54489E+03	 2.91044E+04
 2.54875E+03	 2.91423E+04
 2.55260E+03	 2.91541E+04
 2.55646E+03	 2.91839E+04
 2.56031E+03	 2.91971E+04
 2.56416E+03	 2.92322E+04
 2.56801E+03	 2.92776E+04
 2.57185E+03	 2.92973E+04
 2.57570E+03	 2.93406E+04
 2.57954E+03	 2.93706E+04
 2.58338E+03	 2.93935E+04
 2.58722E+03	 2.94024E+04
 2.59105E+03	 2.94582E+04
 2.59489E+03	 2.94680E+04
 2.59872E+03	 2.94954E+04
 2.60255E+03	 2.95138E+04
 2.60638E+03	 2.95368E+04
 2.61021E+03	 2.95706E+04
 2.61403E+03	 2.96298E+04
 2.61786E+03	 2.96184E+04
 2.62168E+03	 2.96678E+04
 2.62550E+03	 2.97001E+04
 2.62932E+03	 2.97160E+04
 2.63313E+03	 2.97352E+04
 2.63695E+03	 2.97689E+04
 2.64076E+03	 2.97951E+04
 2.64457E+03	 2.98308E+04
 2.64838E+03	 2.98527E+04
 2.65218E+03	 2.99056E+04
 2.65599E+03	 2.99282E+04
 2.65979E+03	 2.99671E+04
 2.66359E+03	 2.99827E+04
 2.66739E+03	 2.99976E+04
 2.67118E+03	 3.00364E+04
 2.67498E+03	 3.00715E+04
 2.67877E+03	 3.01558E+04
 2.68256E+03	 3.01578E+04
 2.68635E+03	 3.01909E+04
 2.69014E+03	 3.02034E+04
 2.69393E+03	 3.02577E+04
 2.69771E+03	 3.02648E+04
 2.70149E+03	 3.02720E+04
 2.70527E+03	 3.02979E+04
 2.70905E+03	 3.03358E+04
 2.71283E+03	 3.03642E+04
 2.71660E+03	 3.04012E+04
 2.72037E+03	 3.04038E+04
 2.72414E+03	 3.04589E+04
 2.72791E+03	 3.04925E+04
 2.73168E+03	 3.05288E+04
 2.73544E+03	 3.05399E+04
 2.73921E+03	 3.05877E+04
 2.74297E+03	 3.06240E+04
 2.74673E+03	 3.06631E+04
 2.75049E+03	 3.06720E+04
 2.75424E+03	 3.06931E+04
 2.75800E+03	 3.07558E+04
 2.76175E+03	 3.07908E+04
 2.76550E+03	 3.08239E+04
 2.76925E+03	 3.08688E+04
 2.77299E+03	 3.08923E+04
 2.77674E+03	 3.08996E+04
 2.78048E+03	 3.09603E+04
 2.78422E+03	 3.09744E+04
 2.78796E+03	 3.09998E+04
 2.79170E+03	 3.10590E+04
 2.79544E+03	 3.10880E+04
 2.79917E+03	 3.11029E+04
 2.80290E+03	 3.11323E+04
 2.80663E+03	 3.11602E+04
 2.81036E+03	 3.11739E+04
 2.81409E+03	 3.12162E+04
 2.81781E+03	 3.12361E+04
 2.82153E+03	 3.13022E+04
 2.82525E+03	 3.13194E+04
 2.82897E+03	 3.13602E+04
 2.83269E+03	 3.13818E+04
 2.83641E+03	 3.14186E+04
 2.84012E+03	 3.14623E+04
 2.84383E+03	 3.14986E+04
 2.84754E+03	 3.15048E+04
 2.85125E+03	 3.15479E+04
 2.85496E+03	 3.15903E+04
 2.85866E+03	 3.16249E+04
 2.86236E+03	 3.16668E+04
 2.86606E+03	 3.16607E+04
 2.86976E+03	 3.17186E+04
 2.87346E+03	 3.17354E+04
 2.87716E+03	 3.17497E+04
 2.88085E+03	 3.17993E+04
 2.88454E+03	 3.18440E+04
 2.88823E+03	 3.18782E+04
 2.89192E+03	 3.19092E+04
 2.89561E+03	 3.19323E+04
 2.89929E+03	 3.19532E+04
 2.90297E+03	 3.19837E+04
 2.90666E+03	 3.20307E+04
 2.91033E+03	 3.20499E+04
 2.91401E+03	 3.21082E+04
 2.91769E+03	 3.21118E+04
 2.92136E+03	 3.21495E+04
 2.92503E+03	 3.21727E+04
 2.92870E+03	 3.22027E+04
 2.93237E+03	 3.22417E+04
 2.93604E+03	 3.22823E+04
 2.93970E+03	 3.22902E+04
 2.94337E+03	 3.23737E+04
 2.94703E+03	 3.23676E+04
 2.95069E+03	 3.24033E+04
 2.95435E+03	 3.24717E+04
 2.95800E+03	 3.24917E+04
 2.96166E+03	 3.25053E+04
 2.96531E+03	 3.25579E+04
 2.96896E+03	 3.25758E+04
 2.97261E+03	 3.26299E+04
 2.97626E+03	 3.26644E+04
 2.97990E+03	 3.27059E+04
 2.98354E+03	 3.27183E+04
 2.98719E+03	 3.27709E+04
 2.99083E+03	 3.27939E+04
 2.99446E+03	 3.28434E+04
 2.99810E+03	 3.28706E+04
 3.00174E+03	 3.29084E+04
 3.00537E+03	 3.29624E+04
 3.00900E+03	 3.29500E+04
 3.01263E+03	 3.29911E+04
 3.01626E+03	 3.30186E+04
 3.01988E+03	 3.30689E+04
 3.02351E+03	 3.31106E+04
 3.02713E+03	 3.31316E+04
 3.03075E+03	 3.31421E+04
 3.03437E+03	 3.31999E+04
 3.03799E+03	 3.32129E+04
 3.04160E+03	 3.32399E+04
 3.04521E+03	 3.32761E+04
 3.04883E+03	 3.32819E+04
 3.05244E+03	 3.33395E+04
 3.05605E+03	 3.33631E+04
 3.05965E+03	 3.33854E+04
 3.06326E+03	 3.34116E+04
 3.06686E+03	 3.34642E+04
 3.07046E+03	 3.34758E+04
 3.07406E+03	 3.34892E+04
 3.07766E+03	 3.35561E+04
 3.08125E+03	 3.35707E+04
 3.08485E+03	 3.36181E+04
 3.08844E+03	 3.36435E+04
 3.09203E+03	 3.36636E+04
 3.09562E+03	 3.36994E+04
 3.09921E+03	 3.37244E+04
 3.10280E+03	 3.37554E+04
 3.10638E+03	 3.37744E+04
 3.10996E+03	 3.38254E+04
 3.11354E+03	 3.38979E+04
 3.11712E+03	 3.38969E+04
 3.12070E+03	 3.39281E+04
 3.12427E+03	 3.39591E+04
 3.12785E+03	 3.39691E+04
 3.13142E+03	 3.40104E+04
 3.13499E+03	 3.40576E+04
 3.13856E+03	 3.40759E+04
 3.14212E+03	 3.41108E+04
 3.14569E+03	 3.41401E+04
 3.14925E+03	 3.41725E+04
 3.15281E+03	 3.42011E+04
 3.15637E+03	 3.41979E+04
 3.15993E+03	 3.42721E+04
 3.16349E+03	 3.42775E+04
 3.16704E+03	 3.43174E+04
 3.17060E+03	 3.43543E+04
 3.17415E+03	 3.43884E+04
 3.17770E+03	 3.43959E+04
 3.18124E+03	 3.44489E+04
 3.18479E+03	 3.44736E+04
 3.18834E+03	 3.45139E+04
 3.19188E+03	 3.45511E+04
 3.19542E+03	 3.45912E+04
 3.19896E+03	 3.46126E+04
 3.20250E+03	 3.46575E+04
 3.20603E+03	 3.46619E+04
 3.20957E+03	 3.47193E+04
 3.21310E+03	 3.47253E+04
 3.21663E+03	 3.47803E+04
 3.22016E+03	 3.48036E+04
 3.22369E+03	 3.48539E+04
 3.22721E+03	 3.48758E+04
 3.23074E+03	 3.48850E+04
 3.23426E+03	 3.49423E+04
 3.23778E+03	 3.49529E+04
 3.24130E+03	 3.49865E+04
 3.24481E+03	 3.50225E+04
 3.24833E+03	 3.50584E+04
 3.25184E+03	 3.50819E+04
 3.25536E+03	 3.51050E+04
 3.25887E+03	 3.51284E+04
 3.26238E+03	 3.51864E+04
 3.26588E+03	 3.52203E+04
 3.26939E+03	 3.52283E+04
 3.27289E+03	 3.52732E+04
 3.27639E+03	 3.52911E+04
 3.27989E+03	 3.53071E+04
 3.28339E+03	 3.53602E+04
 3.28689E+03	 3.54036E+04
 3.29039E+03	 3.54479E+04
 3.29388E+03	 3.54791E+04
 3.29737E+03	 3.55004E+04
 3.30086E+03	 3.55384E+04
 3.30435E+03	 3.55586E+04
 3.30784E+03	 3.55984E+04
 3.31132E+03	 3.56071E+04
 3.31481E+03	 3.56504E+04
 3.31829E+03	 3.56758E+04
 3.32177E+03	 3.57080E+04
 3.32525E+03	 3.57293E+04
 3.32873E+03	 3.57777E+04
 3.33220E+03	 3.58265E+04
 3.33567E+03	 3.58309E+04
 3.33915E+03	 3.58504E+04
 3.34262E+03	 3.58780E+04
 3.34609E+03	 3.59049E+04
 3.34955E+03	 3.59110E+04
 3.35302E+03	 3.59641E+04
 3.35648E+03	 3.60026E+04
 3.35994E+03	 3.60047E+04
 3.36341E+03	 3.60249E+04
 3.36686E+03	 3.60540E+04
 3.37032E+03	 3.60861E+04
 3.37378E+03	 3.61265E+04
 3.37723E+03	 3.61386E+04
 3.38068E+03	 3.61491E+04
 3.38413E+03	 3.62034E+04
 3.38758E+03	 3.62067E+04
 3.39103E+03	 3.62301E+04
 3.39448E+03	 3.62257E+04
 3.39792E+03	 3.62894E+04
 3.40136E+03	 3.62834E+04
 3.40480E+03	 3.63464E+04
 3.40824E+03	 3.63284E+04
 3.41168E+03	 3.63663E+04
 3.41512E+03	 3.63969E+04
 3.41855E+03	 3.64067E+04
 3.42198E+03	 3.64400E+04
 3.42541E+03	 3.64582E+04
 3.42884E+03	 3.64912E+04
 3.43227E+03	 3.65084E+04
 3.43570E+03	 3.65546E+04
 3.43912E+03	 3.65718E+04
 3.44254E+03	 3.65830E+04
 3.44597E+03	 3.65828E+04
 3.44939E+03	 3.66233E+04
 3.45280E+03	 3.66474E+04
 3.45622E+03	 3.66620E+04
 3.45963E+03	 3.66916E+04
 3.46305E+03	 3.67174E+04
 3.46646E+03	 3.67358E+04
 3.46987E+03	 3.67627E+04
 3.47328E+03	 3.67838E+04
 3.47668E+03	 3.67986E+04
 3.48009E+03	 3.68649E+04
 3.48349E+03	 3.68879E+04
 3.48689E+03	 3.69119E+04
 3.49029E+03	 3.69408E+04
 3.49369E+03	 3.69564E+04
 3.49709E+03	 3.69806E+04
 3.50049E+03	 3.69728E+04
 3.50388E+03	 3.70194E+04
 3.50727E+03	 3.70395E+04
 3.51066E+03	 3.70599E+04
 3.51405E+03	 3.70755E+04
 3.51744E+03	 3.71043E+04
 3.52082E+03	 3.71151E+04
 3.52421E+03	 3.71438E+04
 3.52759E+03	 3.71379E+04
 3.53097E+03	 3.71640E+04
 3.53435E+03	 3.72009E+04
 3.53773E+03	 3.71907E+04
 3.54110E+03	 3.72694E+04
 3.54448E+03	 3.72630E+04
 3.54785E+03	 3.72735E+04
 3.55122E+03	 3.73306E+04
 3.55459E+03	 3.73483E+04
 3.55796E+03	 3.73919E+04
 3.56133E+03	 3.74081E+04
 3.56469E+03	 3.74283E+04
 3.56806E+03	 3.74498E+04
 3.57142E+03	 3.74684E+04
 3.57478E+03	 3.74924E+04
 3.57814E+03	 3.75245E+04
 3.58149E+03	 3.75452E+04
 3.58485E+03	 3.75604E+04
 3.58820E+03	 3.75933E+04
 3.59156E+03	 3.75842E+04
 3.59491E+03	 3.76078E+04
 3.59826E+03	 3.76599E+04
 3.60160E+03	 3.76666E+04
 3.60495E+03	 3.76739E+04
 3.60829E+03	 3.77067E+04
 3.61164E+03	 3.77006E+04
 3.61498E+03	 3.77248E+04
 3.61832E+03	 3.77569E+04
 3.62166E+03	 3.78013E+04
 3.62499E+03	 3.78033E+04
 3.62833E+03	 3.78066E+04
 3.63166E+03	 3.77899E+04
 3.63499E+03	 3.78234E+04
 3.63832E+03	 3.78613E+04
 3.64165E+03	 3.78371E+04
 3.64498E+03	 3.78747E+04
 3.64831E+03	 3.78944E+04
 3.65163E+03	 3.79202E+04
 3.65495E+03	 3.79311E+04
 3.65827E+03	 3.79341E+04
 3.66159E+03	 3.79875E+04
 3.66491E+03	 3.79716E+04
 3.66823E+03	 3.79844E+04
 3.67154E+03	 3.79906E+04
 3.67485E+03	 3.80201E+04
 3.67817E+03	 3.80319E+04
 3.68148E+03	 3.80364E+04
 3.68478E+03	 3.80771E+04
 3.68809E+03	 3.80623E+04
 3.69140E+03	 3.80774E+04
 3.69470E+03	 3.81068E+04
 3.69800E+03	 3.81198E+04
 3.70130E+03	 3.81139E+04
 3.70460E+03	 3.81212E+04
 3.70790E+03	 3.81506E+04
 3.71120E+03	 3.81426E+04
 3.71449E+03	 3.81678E+04
 3.71778E+03	 3.81681E+04
 3.72108E+03	 3.81946E+04
 3.72437E+03	 3.81919E+04
 3.72765E+03	 3.82286E+04
 3.73094E+03	 3.82017E+04
 3.73423E+03	 3.82249E+04
 3.73751E+03	 3.82568E+04
 3.74079E+03	 3.82580E+04
 3.74407E+03	 3.82634E+04
 3.74735E+03	 3.83079E+04
 3.75063E+03	 3.83289E+04
 3.75391E+03	 3.83208E+04
 3.75718E+03	 3.83606E+04
 3.76045E+03	 3.83378E+04
 3.76373E+03	 3.83878E+04
 3.76700E+03	 3.83761E+04
 3.77026E+03	 3.83890E+04
 3.77353E+03	 3.83916E+04
 3.77680E+03	 3.83791E+04
 3.78006E+03	 3.83939E+04
 3.78332E+03	 3.84183E+04
 3.78658E+03	 3.84137E+04
 3.78984E+03	 3.84499E+04
 3.79310E+03	 3.84230E+04
 3.79636E+03	 3.84456E+04
 3.79961E+03	 3.84485E+04
 3.80287E+03	 3.84724E+04
 3.80612E+03	 3.84771E+04
 3.80937E+03	 3.84694E+04
 3.81262E+03	 3.84938E+04
 3.81586E+03	 3.85179E+04
 3.81911E+03	 3.85058E+04
 3.82235E+03	 3.85378E+04
 3.82560E+03	 3.85044E+04
 3.82884E+03	 3.85631E+04
 3.83208E+03	 3.85451E+04
 3.83532E+03	 3.85939E+04
 3.83855E+03	 3.85640E+04
 3.84179E+03	 3.85735E+04
 3.84502E+03	 3.85917E+04
 3.84825E+03	 3.85641E+04
 3.85148E+03	 3.85841E+04
 3.85471E+03	 3.85619E+04
 3.85794E+03	 3.86001E+04
 3.86117E+03	 3.85987E+04
 3.86439E+03	 3.86204E+04
 3.86762E+03	 3.86087E+04
 3.87084E+03	 3.86003E+04
 3.87406E+03	 3.85864E+04
 3.87728E+03	 3.86218E+04
 3.88049E+03	 3.86326E+04
 3.88371E+03	 3.86381E+04
 3.88692E+03	 3.86726E+04
 3.89014E+03	 3.86531E+04
 3.89335E+03	 3.86623E+04
 3.89656E+03	 3.86654E+04
 3.89977E+03	 3.86599E+04
 3.90297E+03	 3.86733E+04
 3.90618E+03	 3.86999E+04
 3.90938E+03	 3.86712E+04
 3.91258E+03	 3.87025E+04
 3.91579E+03	 3.86798E+04
 3.91898E+03	 3.86811E+04
 3.92218E+03	 3.86968E+04
 3.92538E+03	 3.87107E+04
 3.92857E+03	 3.87169E+04
 3.93177E+03	 3.87041E+04
 3.93496E+03	 3.87328E+04
 3.93815E+03	 3.87606E+04
 3.94134E+03	 3.87486E+04
 3.94453E+03	 3.87431E+04
 3.94771E+03	 3.87709E+04
 3.95090E+03	 3.87401E+04
 3.95408E+03	 3.87379E+04
 3.95726E+03	 3.87284E+04
 3.96044E+03	 3.87208E+04
 3.96362E+03	 3.87263E+04
 3.96680E+03	 3.87326E+04
 3.96997E+03	 3.87364E+04
 3.97315E+03	 3.87319E+04
 3.97632E+03	 3.87215E+04
 3.97949E+03	 3.87179E+04
 3.98266E+03	 3.87226E+04
 3.98583E+03	 3.87343E+04
 3.98900E+03	 3.87351E+04
 3.99216E+03	 3.87254E+04
 3.99533E+03	 3.87073E+04
 3.99849E+03	 3.87239E+04
 4.00165E+03	 3.87293E+04
 4.00481E+03	 3.87336E+04
 4.00797E+03	 3.87146E+04
 4.01113E+03	 3.86659E+04
 4.01428E+03	 3.87399E+04
 4.01744E+03	 3.87353E+04
 4.02059E+03	 3.87403E+04
 4.02374E+03	 3.87204E+04
 4.02689E+03	 3.87404E+04
 4.03004E+03	 3.87118E+04
 4.03318E+03	 3.87246E+04
 4.03633E+03	 3.87053E+04
 4.03947E+03	 3.87078E+04
 4.04262E+03	 3.86781E+04
 4.04576E+03	 3.86456E+04
 4.04890E+03	 3.86706E+04
 4.05203E+03	 3.86586E+04
 4.05517E+03	 3.86501E+04
 4.05831E+03	 3.86366E+04
 4.06144E+03	 3.82230E+04
