-1.03034E+02	 2.28820E+03
-9.77694E+01	 2.31615E+03
-9.25079E+01	 2.33305E+03
-8.72494E+01	 2.36250E+03
-8.19938E+01	 2.38785E+03
-7.67412E+01	 2.41540E+03
-7.14916E+01	 2.44240E+03
-6.62450E+01	 2.46710E+03
-6.10013E+01	 2.49100E+03
-5.57605E+01	 2.52130E+03
-5.05228E+01	 2.54435E+03
-4.52879E+01	 2.57025E+03
-4.00561E+01	 2.59930E+03
-3.48271E+01	 2.62735E+03
-2.96012E+01	 2.64985E+03
-2.43781E+01	 2.67765E+03
-1.91580E+01	 2.70640E+03
-1.39409E+01	 2.73265E+03
-8.72666E+00	 2.75745E+03
-3.51538E+00	 2.78460E+03
 1.69298E+00	 2.81415E+03
 6.89840E+00	 2.84695E+03
 1.21009E+01	 2.87000E+03
 1.73005E+01	 2.90680E+03
 2.24971E+01	 2.93365E+03
 2.76908E+01	 2.96285E+03
 3.28816E+01	 2.99025E+03
 3.80695E+01	 3.01805E+03
 4.32545E+01	 3.05445E+03
 4.84366E+01	 3.08940E+03
 5.36157E+01	 3.11425E+03
 5.87920E+01	 3.13925E+03
 6.39653E+01	 3.17510E+03
 6.91358E+01	 3.20450E+03
 7.43033E+01	 3.23410E+03
 7.94680E+01	 3.26855E+03
 8.46297E+01	 3.29105E+03
 8.97886E+01	 3.32360E+03
 9.49446E+01	 3.35965E+03
 1.00098E+02	 3.39535E+03
 1.05248E+02	 3.42320E+03
 1.10395E+02	 3.45255E+03
 1.15540E+02	 3.48090E+03
 1.20681E+02	 3.52055E+03
 1.25820E+02	 3.54655E+03
 1.30956E+02	 3.57460E+03
 1.36089E+02	 3.62065E+03
 1.41219E+02	 3.64655E+03
 1.46346E+02	 3.68240E+03
 1.51470E+02	 3.72440E+03
 1.56592E+02	 3.75230E+03
 1.61710E+02	 3.79570E+03
 1.66826E+02	 3.82805E+03
 1.71939E+02	 3.85935E+03
 1.77049E+02	 3.89720E+03
 1.82156E+02	 3.93240E+03
 1.87260E+02	 3.97100E+03
 1.92362E+02	 4.00955E+03
 1.97461E+02	 4.04745E+03
 2.02556E+02	 4.08525E+03
 2.07649E+02	 4.12745E+03
 2.12739E+02	 4.15835E+03
 2.17827E+02	 4.19905E+03
 2.22911E+02	 4.23860E+03
 2.27993E+02	 4.27560E+03
 2.33072E+02	 4.30670E+03
 2.38148E+02	 4.34715E+03
 2.43221E+02	 4.38450E+03
 2.48291E+02	 4.42510E+03
 2.53359E+02	 4.46365E+03
 2.58423E+02	 4.50140E+03
 2.63485E+02	 4.52635E+03
 2.68544E+02	 4.57285E+03
 2.73600E+02	 4.61445E+03
 2.78654E+02	 4.65580E+03
 2.83704E+02	 4.69435E+03
 2.88752E+02	 4.74025E+03
 2.93797E+02	 4.77410E+03
 2.98840E+02	 4.81635E+03
 3.03879E+02	 4.85035E+03
 3.08916E+02	 4.89030E+03
 3.13949E+02	 4.93635E+03
 3.18980E+02	 4.97345E+03
 3.24009E+02	 5.02135E+03
 3.29034E+02	 5.06215E+03
 3.34057E+02	 5.11100E+03
 3.39077E+02	 5.14710E+03
 3.44094E+02	 5.19370E+03
 3.49108E+02	 5.23740E+03
 3.54120E+02	 5.27800E+03
 3.59129E+02	 5.31670E+03
 3.64135E+02	 5.36955E+03
 3.69138E+02	 5.40040E+03
 3.74138E+02	 5.45340E+03
 3.79136E+02	 5.49105E+03
 3.84131E+02	 5.54185E+03
 3.89123E+02	 5.57380E+03
 3.94113E+02	 5.62210E+03
 3.99099E+02	 5.67690E+03
 4.04083E+02	 5.71775E+03
 4.09064E+02	 5.75920E+03
 4.14043E+02	 5.80435E+03
 4.19019E+02	 5.85385E+03
 4.23991E+02	 5.90300E+03
 4.28962E+02	 5.94510E+03
 4.33929E+02	 5.99040E+03
 4.38894E+02	 6.03980E+03
 4.43856E+02	 6.08270E+03
 4.48815E+02	 6.13205E+03
 4.53771E+02	 6.18155E+03
 4.58725E+02	 6.22785E+03
 4.63676E+02	 6.27525E+03
 4.68625E+02	 6.33610E+03
 4.73570E+02	 6.37335E+03
 4.78513E+02	 6.42300E+03
 4.83453E+02	 6.46890E+03
 4.88391E+02	 6.51515E+03
 4.93325E+02	 6.56065E+03
 4.98257E+02	 6.61575E+03
 5.03187E+02	 6.66625E+03
 5.08113E+02	 6.71855E+03
 5.13037E+02	 6.77525E+03
 5.17958E+02	 6.81165E+03
 5.22877E+02	 6.86720E+03
 5.27792E+02	 6.92235E+03
 5.32706E+02	 6.96670E+03
 5.37616E+02	 7.01720E+03
 5.42524E+02	 7.07520E+03
 5.47429E+02	 7.12545E+03
 5.52331E+02	 7.17800E+03
 5.57230E+02	 7.23200E+03
 5.62127E+02	 7.28845E+03
 5.67022E+02	 7.33680E+03
 5.71913E+02	 7.38540E+03
 5.76802E+02	 7.44790E+03
 5.81688E+02	 7.49550E+03
 5.86572E+02	 7.54490E+03
 5.91452E+02	 7.60250E+03
 5.96331E+02	 7.65430E+03
 6.01206E+02	 7.70510E+03
 6.06079E+02	 7.76390E+03
 6.10949E+02	 7.80355E+03
 6.15817E+02	 7.86920E+03
 6.20681E+02	 7.92120E+03
 6.25544E+02	 7.96660E+03
 6.30403E+02	 8.03140E+03
 6.35260E+02	 8.08215E+03
 6.40114E+02	 8.14680E+03
 6.44966E+02	 8.19865E+03
 6.49815E+02	 8.25225E+03
 6.54661E+02	 8.31280E+03
 6.59505E+02	 8.36575E+03
 6.64346E+02	 8.41475E+03
 6.69184E+02	 8.47625E+03
 6.74020E+02	 8.53690E+03
 6.78853E+02	 8.59385E+03
 6.83683E+02	 8.65090E+03
 6.88511E+02	 8.70050E+03
 6.93336E+02	 8.75915E+03
 6.98159E+02	 8.81970E+03
 7.02978E+02	 8.88200E+03
 7.07796E+02	 8.94375E+03
 7.12610E+02	 9.00075E+03
 7.17422E+02	 9.05700E+03
 7.22232E+02	 9.12320E+03
 7.27039E+02	 9.17880E+03
 7.31843E+02	 9.23315E+03
 7.36644E+02	 9.29780E+03
 7.41443E+02	 9.34690E+03
 7.46240E+02	 9.40925E+03
 7.51033E+02	 9.48470E+03
 7.55825E+02	 9.54895E+03
 7.60613E+02	 9.60370E+03
 7.65399E+02	 9.66990E+03
 7.70182E+02	 9.73145E+03
 7.74963E+02	 9.78605E+03
 7.79741E+02	 9.85105E+03
 7.84517E+02	 9.90970E+03
 7.89290E+02	 9.97830E+03
 7.94060E+02	 1.00523E+04
 7.98828E+02	 1.01045E+04
 8.03593E+02	 1.01633E+04
 8.08356E+02	 1.02340E+04
 8.13116E+02	 1.02934E+04
 8.17873E+02	 1.03740E+04
 8.22628E+02	 1.04320E+04
 8.27380E+02	 1.04900E+04
 8.32130E+02	 1.05628E+04
 8.36877E+02	 1.06232E+04
 8.41622E+02	 1.06940E+04
 8.46364E+02	 1.07480E+04
 8.51103E+02	 1.08279E+04
 8.55840E+02	 1.08960E+04
 8.60575E+02	 1.09592E+04
 8.65306E+02	 1.10282E+04
 8.70036E+02	 1.10870E+04
 8.74762E+02	 1.11625E+04
 8.79486E+02	 1.12265E+04
 8.84208E+02	 1.12908E+04
 8.88927E+02	 1.13599E+04
 8.93644E+02	 1.14256E+04
 8.98357E+02	 1.14938E+04
 9.03069E+02	 1.15680E+04
 9.07778E+02	 1.16288E+04
 9.12484E+02	 1.16963E+04
 9.17188E+02	 1.17618E+04
 9.21889E+02	 1.18390E+04
 9.26588E+02	 1.19105E+04
 9.31284E+02	 1.19754E+04
 9.35977E+02	 1.20435E+04
 9.40669E+02	 1.21243E+04
 9.45357E+02	 1.21845E+04
 9.50043E+02	 1.22590E+04
 9.54727E+02	 1.23204E+04
 9.59408E+02	 1.24089E+04
 9.64086E+02	 1.24735E+04
 9.68762E+02	 1.25507E+04
 9.73436E+02	 1.26285E+04
 9.78107E+02	 1.26792E+04
 9.82775E+02	 1.27606E+04
 9.87441E+02	 1.28352E+04
 9.92104E+02	 1.29198E+04
 9.96765E+02	 1.29960E+04
 1.00142E+03	 1.30660E+04
 1.00608E+03	 1.31482E+04
 1.01073E+03	 1.31977E+04
 1.01538E+03	 1.32950E+04
 1.02003E+03	 1.33544E+04
 1.02468E+03	 1.34370E+04
 1.02932E+03	 1.35049E+04
 1.03396E+03	 1.35760E+04
 1.03860E+03	 1.36564E+04
 1.04324E+03	 1.37358E+04
 1.04787E+03	 1.38048E+04
 1.05250E+03	 1.38846E+04
 1.05713E+03	 1.39590E+04
 1.06176E+03	 1.40330E+04
 1.06638E+03	 1.41273E+04
 1.07100E+03	 1.42050E+04
 1.07562E+03	 1.42644E+04
 1.08024E+03	 1.43487E+04
 1.08485E+03	 1.44170E+04
 1.08946E+03	 1.44953E+04
 1.09407E+03	 1.45755E+04
 1.09868E+03	 1.46515E+04
 1.10328E+03	 1.47374E+04
 1.10788E+03	 1.47972E+04
 1.11248E+03	 1.48983E+04
 1.11708E+03	 1.49640E+04
 1.12167E+03	 1.50355E+04
 1.12626E+03	 1.51181E+04
 1.13085E+03	 1.51988E+04
 1.13544E+03	 1.52671E+04
 1.14002E+03	 1.53493E+04
 1.14460E+03	 1.54243E+04
 1.14918E+03	 1.55073E+04
 1.15376E+03	 1.55783E+04
 1.15833E+03	 1.56432E+04
 1.16291E+03	 1.57198E+04
 1.16748E+03	 1.57963E+04
 1.17204E+03	 1.58847E+04
 1.17661E+03	 1.59693E+04
 1.18117E+03	 1.60497E+04
 1.18573E+03	 1.61345E+04
 1.19029E+03	 1.62079E+04
 1.19484E+03	 1.62923E+04
 1.19939E+03	 1.63849E+04
 1.20394E+03	 1.64593E+04
 1.20849E+03	 1.65521E+04
 1.21304E+03	 1.66326E+04
 1.21758E+03	 1.67119E+04
 1.22212E+03	 1.67943E+04
 1.22666E+03	 1.68727E+04
 1.23119E+03	 1.69656E+04
 1.23573E+03	 1.70529E+04
 1.24026E+03	 1.71330E+04
 1.24479E+03	 1.72007E+04
 1.24931E+03	 1.73048E+04
 1.25384E+03	 1.73839E+04
 1.25836E+03	 1.74604E+04
 1.26288E+03	 1.75491E+04
 1.26739E+03	 1.76331E+04
 1.27191E+03	 1.76983E+04
 1.27642E+03	 1.77983E+04
 1.28093E+03	 1.78626E+04
 1.28543E+03	 1.79362E+04
 1.28994E+03	 1.79985E+04
 1.29444E+03	 1.80812E+04
 1.29894E+03	 1.81466E+04
 1.30344E+03	 1.82113E+04
 1.30793E+03	 1.82535E+04
 1.31243E+03	 1.83607E+04
 1.31692E+03	 1.84288E+04
 1.32140E+03	 1.85115E+04
 1.32589E+03	 1.85634E+04
 1.33037E+03	 1.86472E+04
 1.33485E+03	 1.87146E+04
 1.33933E+03	 1.87722E+04
 1.34381E+03	 1.88308E+04
 1.34828E+03	 1.89104E+04
 1.35275E+03	 1.89710E+04
 1.35722E+03	 1.90522E+04
 1.36169E+03	 1.91013E+04
 1.36615E+03	 1.91673E+04
 1.37061E+03	 1.92422E+04
 1.37507E+03	 1.93063E+04
 1.37953E+03	 1.93644E+04
 1.38398E+03	 1.94430E+04
 1.38844E+03	 1.94845E+04
 1.39289E+03	 1.95574E+04
 1.39733E+03	 1.96207E+04
 1.40178E+03	 1.96759E+04
 1.40622E+03	 1.97318E+04
 1.41066E+03	 1.98119E+04
 1.41510E+03	 1.98627E+04
 1.41954E+03	 1.99194E+04
 1.42397E+03	 1.99803E+04
 1.42840E+03	 2.00353E+04
 1.43283E+03	 2.00862E+04
 1.43726E+03	 2.01528E+04
 1.44168E+03	 2.02093E+04
 1.44610E+03	 2.02850E+04
 1.45052E+03	 2.03414E+04
 1.45494E+03	 2.04043E+04
 1.45936E+03	 2.04743E+04
 1.46377E+03	 2.05428E+04
 1.46818E+03	 2.05941E+04
 1.47259E+03	 2.06544E+04
 1.47699E+03	 2.07014E+04
 1.48140E+03	 2.07846E+04
 1.48580E+03	 2.08428E+04
 1.49020E+03	 2.08808E+04
 1.49459E+03	 2.09706E+04
 1.49899E+03	 2.10385E+04
 1.50338E+03	 2.11002E+04
 1.50777E+03	 2.11448E+04
 1.51216E+03	 2.12051E+04
 1.51654E+03	 2.12514E+04
 1.52092E+03	 2.13105E+04
 1.52530E+03	 2.13662E+04
 1.52968E+03	 2.14383E+04
 1.53406E+03	 2.14963E+04
 1.53843E+03	 2.15447E+04
 1.54280E+03	 2.16072E+04
 1.54717E+03	 2.16728E+04
 1.55154E+03	 2.17151E+04
 1.55590E+03	 2.17782E+04
 1.56027E+03	 2.18336E+04
 1.56463E+03	 2.18896E+04
 1.56898E+03	 2.19667E+04
 1.57334E+03	 2.20371E+04
 1.57769E+03	 2.20769E+04
 1.58204E+03	 2.21460E+04
 1.58639E+03	 2.22128E+04
 1.59074E+03	 2.22661E+04
 1.59508E+03	 2.23173E+04
 1.59942E+03	 2.23717E+04
 1.60376E+03	 2.24588E+04
 1.60810E+03	 2.24785E+04
 1.61243E+03	 2.25489E+04
 1.61677E+03	 2.26119E+04
 1.62110E+03	 2.26678E+04
 1.62542E+03	 2.27236E+04
 1.62975E+03	 2.27809E+04
 1.63407E+03	 2.28406E+04
 1.63840E+03	 2.29015E+04
 1.64271E+03	 2.29468E+04
 1.64703E+03	 2.30145E+04
 1.65135E+03	 2.30648E+04
 1.65566E+03	 2.31318E+04
 1.65997E+03	 2.31688E+04
 1.66428E+03	 2.32404E+04
 1.66858E+03	 2.33019E+04
 1.67289E+03	 2.33622E+04
 1.67719E+03	 2.34203E+04
 1.68149E+03	 2.34720E+04
 1.68578E+03	 2.35211E+04
 1.69008E+03	 2.35776E+04
 1.69437E+03	 2.36340E+04
 1.69866E+03	 2.36928E+04
 1.70295E+03	 2.37265E+04
 1.70723E+03	 2.37885E+04
 1.71152E+03	 2.38621E+04
 1.71580E+03	 2.38974E+04
 1.72008E+03	 2.39892E+04
 1.72435E+03	 2.40232E+04
 1.72863E+03	 2.40690E+04
 1.73290E+03	 2.41388E+04
 1.73717E+03	 2.41993E+04
 1.74144E+03	 2.42456E+04
 1.74570E+03	 2.43137E+04
 1.74997E+03	 2.43680E+04
 1.75423E+03	 2.44008E+04
 1.75849E+03	 2.44723E+04
 1.76274E+03	 2.45273E+04
 1.76700E+03	 2.45698E+04
 1.77125E+03	 2.46356E+04
 1.77550E+03	 2.46697E+04
 1.77975E+03	 2.47070E+04
 1.78399E+03	 2.47833E+04
 1.78824E+03	 2.48178E+04
 1.79248E+03	 2.48726E+04
 1.79672E+03	 2.49288E+04
 1.80095E+03	 2.49828E+04
 1.80519E+03	 2.50382E+04
 1.80942E+03	 2.50741E+04
 1.81365E+03	 2.51367E+04
 1.81788E+03	 2.51858E+04
 1.82211E+03	 2.52553E+04
 1.82633E+03	 2.52844E+04
 1.83055E+03	 2.53421E+04
 1.83477E+03	 2.54053E+04
 1.83899E+03	 2.54582E+04
 1.84320E+03	 2.55029E+04
 1.84742E+03	 2.55617E+04
 1.85163E+03	 2.56226E+04
 1.85584E+03	 2.56417E+04
 1.86004E+03	 2.56983E+04
 1.86425E+03	 2.57418E+04
 1.86845E+03	 2.57934E+04
 1.87265E+03	 2.58098E+04
 1.87685E+03	 2.58620E+04
 1.88104E+03	 2.59092E+04
 1.88524E+03	 2.59492E+04
 1.88943E+03	 2.59934E+04
 1.89362E+03	 2.60119E+04
 1.89780E+03	 2.60740E+04
 1.90199E+03	 2.61271E+04
 1.90617E+03	 2.61571E+04
 1.91035E+03	 2.62047E+04
 1.91453E+03	 2.62604E+04
 1.91871E+03	 2.62889E+04
 1.92288E+03	 2.63502E+04
 1.92705E+03	 2.64033E+04
 1.93122E+03	 2.64545E+04
 1.93539E+03	 2.65189E+04
 1.93956E+03	 2.65523E+04
 1.94372E+03	 2.65683E+04
 1.94788E+03	 2.66381E+04
 1.95204E+03	 2.66768E+04
 1.95620E+03	 2.66929E+04
 1.96035E+03	 2.67554E+04
 1.96451E+03	 2.68149E+04
 1.96866E+03	 2.68271E+04
 1.97280E+03	 2.68560E+04
 1.97695E+03	 2.69172E+04
 1.98110E+03	 2.69719E+04
 1.98524E+03	 2.69869E+04
 1.98938E+03	 2.70327E+04
 1.99352E+03	 2.70518E+04
 1.99765E+03	 2.71003E+04
 2.00179E+03	 2.71509E+04
 2.00592E+03	 2.72046E+04
 2.01005E+03	 2.72498E+04
 2.01417E+03	 2.72671E+04
 2.01830E+03	 2.73089E+04
 2.02242E+03	 2.73668E+04
 2.02654E+03	 2.74147E+04
 2.03066E+03	 2.74676E+04
 2.03478E+03	 2.74823E+04
 2.03889E+03	 2.75320E+04
 2.04301E+03	 2.75811E+04
 2.04712E+03	 2.76141E+04
 2.05123E+03	 2.76444E+04
 2.05533E+03	 2.76810E+04
 2.05944E+03	 2.77305E+04
 2.06354E+03	 2.77733E+04
 2.06764E+03	 2.77869E+04
 2.07174E+03	 2.78392E+04
 2.07583E+03	 2.78561E+04
 2.07993E+03	 2.79236E+04
 2.08402E+03	 2.79544E+04
 2.08811E+03	 2.79874E+04
 2.09219E+03	 2.80282E+04
 2.09628E+03	 2.80472E+04
 2.10036E+03	 2.80817E+04
 2.10444E+03	 2.81374E+04
 2.10852E+03	 2.81847E+04
 2.11260E+03	 2.82053E+04
 2.11668E+03	 2.82473E+04
 2.12075E+03	 2.82825E+04
 2.12482E+03	 2.83424E+04
 2.12889E+03	 2.83966E+04
 2.13296E+03	 2.84409E+04
 2.13702E+03	 2.84558E+04
 2.14108E+03	 2.84916E+04
 2.14514E+03	 2.85413E+04
 2.14920E+03	 2.85977E+04
 2.15326E+03	 2.86399E+04
 2.15731E+03	 2.86781E+04
 2.16137E+03	 2.87167E+04
 2.16542E+03	 2.87816E+04
 2.16946E+03	 2.87769E+04
 2.17351E+03	 2.88013E+04
 2.17755E+03	 2.88774E+04
 2.18160E+03	 2.88927E+04
 2.18564E+03	 2.89233E+04
 2.18967E+03	 2.89658E+04
 2.19371E+03	 2.90055E+04
 2.19774E+03	 2.90232E+04
 2.20178E+03	 2.90630E+04
 2.20581E+03	 2.91130E+04
 2.20983E+03	 2.91328E+04
 2.21386E+03	 2.91794E+04
 2.21788E+03	 2.92247E+04
 2.22190E+03	 2.92627E+04
 2.22592E+03	 2.92709E+04
 2.22994E+03	 2.93406E+04
 2.23396E+03	 2.93468E+04
 2.23797E+03	 2.93978E+04
 2.24198E+03	 2.94083E+04
 2.24599E+03	 2.94456E+04
 2.25000E+03	 2.94987E+04
 2.25401E+03	 2.95464E+04
 2.25801E+03	 2.95809E+04
 2.26201E+03	 2.96067E+04
 2.26601E+03	 2.96427E+04
 2.27001E+03	 2.96814E+04
 2.27400E+03	 2.97040E+04
 2.27800E+03	 2.97519E+04
 2.28199E+03	 2.97869E+04
 2.28598E+03	 2.98241E+04
 2.28996E+03	 2.98600E+04
 2.29395E+03	 2.98762E+04
 2.29793E+03	 2.99063E+04
 2.30191E+03	 2.99311E+04
 2.30589E+03	 2.99699E+04
 2.30987E+03	 3.00249E+04
 2.31384E+03	 3.00427E+04
 2.31782E+03	 3.00867E+04
 2.32179E+03	 3.01382E+04
 2.32576E+03	 3.01708E+04
 2.32973E+03	 3.01816E+04
 2.33369E+03	 3.02367E+04
 2.33765E+03	 3.02715E+04
 2.34162E+03	 3.02863E+04
 2.34557E+03	 3.03446E+04
 2.34953E+03	 3.03730E+04
 2.35349E+03	 3.04380E+04
 2.35744E+03	 3.04686E+04
 2.36139E+03	 3.05044E+04
 2.36534E+03	 3.05115E+04
 2.36929E+03	 3.05683E+04
 2.37323E+03	 3.06081E+04
 2.37718E+03	 3.06273E+04
 2.38112E+03	 3.06700E+04
 2.38506E+03	 3.07044E+04
 2.38900E+03	 3.07263E+04
 2.39293E+03	 3.07738E+04
 2.39686E+03	 3.08016E+04
 2.40080E+03	 3.08320E+04
 2.40473E+03	 3.08460E+04
 2.40865E+03	 3.09198E+04
 2.41258E+03	 3.09351E+04
 2.41650E+03	 3.09738E+04
 2.42042E+03	 3.10163E+04
 2.42434E+03	 3.10531E+04
 2.42826E+03	 3.10861E+04
 2.43218E+03	 3.11275E+04
 2.43609E+03	 3.11553E+04
 2.44000E+03	 3.11998E+04
 2.44391E+03	 3.12240E+04
 2.44782E+03	 3.12736E+04
 2.45173E+03	 3.13017E+04
 2.45563E+03	 3.13396E+04
 2.45953E+03	 3.14004E+04
 2.46343E+03	 3.14356E+04
 2.46733E+03	 3.14846E+04
 2.47123E+03	 3.15193E+04
 2.47512E+03	 3.15293E+04
 2.47902E+03	 3.15826E+04
 2.48291E+03	 3.16209E+04
 2.48679E+03	 3.16343E+04
 2.49068E+03	 3.16733E+04
 2.49457E+03	 3.17169E+04
 2.49845E+03	 3.17363E+04
 2.50233E+03	 3.17844E+04
 2.50621E+03	 3.18353E+04
 2.51008E+03	 3.18702E+04
 2.51396E+03	 3.18988E+04
 2.51783E+03	 3.19046E+04
 2.52170E+03	 3.19879E+04
 2.52557E+03	 3.20293E+04
 2.52944E+03	 3.20473E+04
 2.53331E+03	 3.20999E+04
 2.53717E+03	 3.21418E+04
 2.54103E+03	 3.21718E+04
 2.54489E+03	 3.22041E+04
 2.54875E+03	 3.22272E+04
 2.55260E+03	 3.22695E+04
 2.55646E+03	 3.23200E+04
 2.56031E+03	 3.23547E+04
 2.56416E+03	 3.23797E+04
 2.56801E+03	 3.24310E+04
 2.57185E+03	 3.24720E+04
 2.57570E+03	 3.25058E+04
 2.57954E+03	 3.25333E+04
 2.58338E+03	 3.25756E+04
 2.58722E+03	 3.26079E+04
 2.59105E+03	 3.26325E+04
 2.59489E+03	 3.26909E+04
 2.59872E+03	 3.27091E+04
 2.60255E+03	 3.27386E+04
 2.60638E+03	 3.27738E+04
 2.61021E+03	 3.28296E+04
 2.61403E+03	 3.28956E+04
 2.61786E+03	 3.28968E+04
 2.62168E+03	 3.29327E+04
 2.62550E+03	 3.29839E+04
 2.62932E+03	 3.29997E+04
 2.63313E+03	 3.30404E+04
 2.63695E+03	 3.30854E+04
 2.64076E+03	 3.31273E+04
 2.64457E+03	 3.31556E+04
 2.64838E+03	 3.31881E+04
 2.65218E+03	 3.32306E+04
 2.65599E+03	 3.32634E+04
 2.65979E+03	 3.33163E+04
 2.66359E+03	 3.33578E+04
 2.66739E+03	 3.34126E+04
 2.67118E+03	 3.34339E+04
 2.67498E+03	 3.34892E+04
 2.67877E+03	 3.35601E+04
 2.68256E+03	 3.35724E+04
 2.68635E+03	 3.36028E+04
 2.69014E+03	 3.36171E+04
 2.69393E+03	 3.36976E+04
 2.69771E+03	 3.36896E+04
 2.70149E+03	 3.37341E+04
 2.70527E+03	 3.37828E+04
 2.70905E+03	 3.38177E+04
 2.71283E+03	 3.38550E+04
 2.71660E+03	 3.39209E+04
 2.72037E+03	 3.39239E+04
 2.72414E+03	 3.39718E+04
 2.72791E+03	 3.40041E+04
 2.73168E+03	 3.40679E+04
 2.73544E+03	 3.40990E+04
 2.73921E+03	 3.41544E+04
 2.74297E+03	 3.41830E+04
 2.74673E+03	 3.42541E+04
 2.75049E+03	 3.42649E+04
 2.75424E+03	 3.42916E+04
 2.75800E+03	 3.43551E+04
 2.76175E+03	 3.43703E+04
 2.76550E+03	 3.44389E+04
 2.76925E+03	 3.44970E+04
 2.77299E+03	 3.45324E+04
 2.77674E+03	 3.45529E+04
 2.78048E+03	 3.46096E+04
 2.78422E+03	 3.46408E+04
 2.78796E+03	 3.47051E+04
 2.79170E+03	 3.47508E+04
 2.79544E+03	 3.47745E+04
 2.79917E+03	 3.48278E+04
 2.80290E+03	 3.48463E+04
 2.80663E+03	 3.48743E+04
 2.81036E+03	 3.49251E+04
 2.81409E+03	 3.49625E+04
 2.81781E+03	 3.50296E+04
 2.82153E+03	 3.50651E+04
 2.82525E+03	 3.50861E+04
 2.82897E+03	 3.51473E+04
 2.83269E+03	 3.51784E+04
 2.83641E+03	 3.52276E+04
 2.84012E+03	 3.52888E+04
 2.84383E+03	 3.53045E+04
 2.84754E+03	 3.53536E+04
 2.85125E+03	 3.53928E+04
 2.85496E+03	 3.54291E+04
 2.85866E+03	 3.54768E+04
 2.86236E+03	 3.55258E+04
 2.86606E+03	 3.55377E+04
 2.86976E+03	 3.55896E+04
 2.87346E+03	 3.56391E+04
 2.87716E+03	 3.56704E+04
 2.88085E+03	 3.57174E+04
 2.88454E+03	 3.57938E+04
 2.88823E+03	 3.57963E+04
 2.89192E+03	 3.58549E+04
 2.89561E+03	 3.58919E+04
 2.89929E+03	 3.59349E+04
 2.90297E+03	 3.59736E+04
 2.90666E+03	 3.60064E+04
 2.91033E+03	 3.60546E+04
 2.91401E+03	 3.61006E+04
 2.91769E+03	 3.61371E+04
 2.92136E+03	 3.61580E+04
 2.92503E+03	 3.62208E+04
 2.92870E+03	 3.62551E+04
 2.93237E+03	 3.63104E+04
 2.93604E+03	 3.63164E+04
 2.93970E+03	 3.63686E+04
 2.94337E+03	 3.64258E+04
 2.94703E+03	 3.64663E+04
 2.95069E+03	 3.64994E+04
 2.95435E+03	 3.65828E+04
 2.95800E+03	 3.66029E+04
 2.96166E+03	 3.66341E+04
 2.96531E+03	 3.66856E+04
 2.96896E+03	 3.67311E+04
 2.97261E+03	 3.67880E+04
 2.97626E+03	 3.68393E+04
 2.97990E+03	 3.68646E+04
 2.98354E+03	 3.69204E+04
 2.98719E+03	 3.69752E+04
 2.99083E+03	 3.69871E+04
 2.99446E+03	 3.70639E+04
 2.99810E+03	 3.71113E+04
 3.00174E+03	 3.71419E+04
 3.00537E+03	 3.72106E+04
 3.00900E+03	 3.72301E+04
 3.01263E+03	 3.72759E+04
 3.01626E+03	 3.72851E+04
 3.01988E+03	 3.73283E+04
 3.02351E+03	 3.73949E+04
 3.02713E+03	 3.74483E+04
 3.03075E+03	 3.74586E+04
 3.03437E+03	 3.75101E+04
 3.03799E+03	 3.75306E+04
 3.04160E+03	 3.75809E+04
 3.04521E+03	 3.76234E+04
 3.04883E+03	 3.76634E+04
 3.05244E+03	 3.77151E+04
 3.05605E+03	 3.77236E+04
 3.05965E+03	 3.77741E+04
 3.06326E+03	 3.78219E+04
 3.06686E+03	 3.78808E+04
 3.07046E+03	 3.79052E+04
 3.07406E+03	 3.79021E+04
 3.07766E+03	 3.79719E+04
 3.08125E+03	 3.80144E+04
 3.08485E+03	 3.80709E+04
 3.08844E+03	 3.81174E+04
 3.09203E+03	 3.81465E+04
 3.09562E+03	 3.82129E+04
 3.09921E+03	 3.82115E+04
 3.10280E+03	 3.82841E+04
 3.10638E+03	 3.83176E+04
 3.10996E+03	 3.83552E+04
 3.11354E+03	 3.84216E+04
 3.11712E+03	 3.84423E+04
 3.12070E+03	 3.84830E+04
 3.12427E+03	 3.85257E+04
 3.12785E+03	 3.85776E+04
 3.13142E+03	 3.86014E+04
 3.13499E+03	 3.86320E+04
 3.13856E+03	 3.86678E+04
 3.14212E+03	 3.87644E+04
 3.14569E+03	 3.87621E+04
 3.14925E+03	 3.88028E+04
 3.15281E+03	 3.88586E+04
 3.15637E+03	 3.88633E+04
 3.15993E+03	 3.89181E+04
 3.16349E+03	 3.89319E+04
 3.16704E+03	 3.89961E+04
 3.17060E+03	 3.90402E+04
 3.17415E+03	 3.90834E+04
 3.17770E+03	 3.90901E+04
 3.18124E+03	 3.91659E+04
 3.18479E+03	 3.92121E+04
 3.18834E+03	 3.92199E+04
 3.19188E+03	 3.93154E+04
 3.19542E+03	 3.93571E+04
 3.19896E+03	 3.93745E+04
 3.20250E+03	 3.94231E+04
 3.20603E+03	 3.94610E+04
 3.20957E+03	 3.95095E+04
 3.21310E+03	 3.95494E+04
 3.21663E+03	 3.96094E+04
 3.22016E+03	 3.96526E+04
 3.22369E+03	 3.96706E+04
 3.22721E+03	 3.97149E+04
 3.23074E+03	 3.97801E+04
 3.23426E+03	 3.97718E+04
 3.23778E+03	 3.98181E+04
 3.24130E+03	 3.98673E+04
 3.24481E+03	 3.99016E+04
 3.24833E+03	 3.99611E+04
 3.25184E+03	 3.99936E+04
 3.25536E+03	 4.00142E+04
 3.25887E+03	 4.00659E+04
 3.26238E+03	 4.01452E+04
 3.26588E+03	 4.01657E+04
 3.26939E+03	 4.01832E+04
 3.27289E+03	 4.02234E+04
 3.27639E+03	 4.02947E+04
 3.27989E+03	 4.03109E+04
 3.28339E+03	 4.03713E+04
 3.28689E+03	 4.03989E+04
 3.29039E+03	 4.04506E+04
 3.29388E+03	 4.04996E+04
 3.29737E+03	 4.05109E+04
 3.30086E+03	 4.05952E+04
 3.30435E+03	 4.06283E+04
 3.30784E+03	 4.06741E+04
 3.31132E+03	 4.06781E+04
 3.31481E+03	 4.07374E+04
 3.31829E+03	 4.07694E+04
 3.32177E+03	 4.08078E+04
 3.32525E+03	 4.08491E+04
 3.32873E+03	 4.08839E+04
 3.33220E+03	 4.09427E+04
 3.33567E+03	 4.09711E+04
 3.33915E+03	 4.10016E+04
 3.34262E+03	 4.10284E+04
 3.34609E+03	 4.10571E+04
 3.34955E+03	 4.10919E+04
 3.35302E+03	 4.11396E+04
 3.35648E+03	 4.12145E+04
 3.35994E+03	 4.12178E+04
 3.36341E+03	 4.12426E+04
 3.36686E+03	 4.12841E+04
 3.37032E+03	 4.13162E+04
 3.37378E+03	 4.13496E+04
 3.37723E+03	 4.13563E+04
 3.38068E+03	 4.14046E+04
 3.38413E+03	 4.14517E+04
 3.38758E+03	 4.14891E+04
 3.39103E+03	 4.15278E+04
 3.39448E+03	 4.15294E+04
 3.39792E+03	 4.15951E+04
 3.40136E+03	 4.15982E+04
 3.40480E+03	 4.16294E+04
 3.40824E+03	 4.16726E+04
 3.41168E+03	 4.17003E+04
 3.41512E+03	 4.17478E+04
 3.41855E+03	 4.17663E+04
 3.42198E+03	 4.18120E+04
 3.42541E+03	 4.18216E+04
 3.42884E+03	 4.18704E+04
 3.43227E+03	 4.18926E+04
 3.43570E+03	 4.19304E+04
 3.43912E+03	 4.19538E+04
 3.44254E+03	 4.19783E+04
 3.44597E+03	 4.19918E+04
 3.44939E+03	 4.20431E+04
 3.45280E+03	 4.20672E+04
 3.45622E+03	 4.21179E+04
 3.45963E+03	 4.21387E+04
 3.46305E+03	 4.21801E+04
 3.46646E+03	 4.22196E+04
 3.46987E+03	 4.22519E+04
 3.47328E+03	 4.22608E+04
 3.47668E+03	 4.23134E+04
 3.48009E+03	 4.23758E+04
 3.48349E+03	 4.24154E+04
 3.48689E+03	 4.24036E+04
 3.49029E+03	 4.24649E+04
 3.49369E+03	 4.24905E+04
 3.49709E+03	 4.25374E+04
 3.50049E+03	 4.25518E+04
 3.50388E+03	 4.25870E+04
 3.50727E+03	 4.26124E+04
 3.51066E+03	 4.26419E+04
 3.51405E+03	 4.26673E+04
 3.51744E+03	 4.27174E+04
 3.52082E+03	 4.27304E+04
 3.52421E+03	 4.27663E+04
 3.52759E+03	 4.27670E+04
 3.53097E+03	 4.28059E+04
 3.53435E+03	 4.28179E+04
 3.53773E+03	 4.28507E+04
 3.54110E+03	 4.29216E+04
 3.54448E+03	 4.29486E+04
 3.54785E+03	 4.29579E+04
 3.55122E+03	 4.30202E+04
 3.55459E+03	 4.30271E+04
 3.55796E+03	 4.31002E+04
 3.56133E+03	 4.31294E+04
 3.56469E+03	 4.31629E+04
 3.56806E+03	 4.31948E+04
 3.57142E+03	 4.32231E+04
 3.57478E+03	 4.32638E+04
 3.57814E+03	 4.32716E+04
 3.58149E+03	 4.33021E+04
 3.58485E+03	 4.32969E+04
 3.58820E+03	 4.33534E+04
 3.59156E+03	 4.33711E+04
 3.59491E+03	 4.34008E+04
 3.59826E+03	 4.34803E+04
 3.60160E+03	 4.34682E+04
 3.60495E+03	 4.35267E+04
 3.60829E+03	 4.35291E+04
 3.61164E+03	 4.35481E+04
 3.61498E+03	 4.35532E+04
 3.61832E+03	 4.35894E+04
 3.62166E+03	 4.36506E+04
 3.62499E+03	 4.36658E+04
 3.62833E+03	 4.36561E+04
 3.63166E+03	 4.36854E+04
 3.63499E+03	 4.37054E+04
 3.63832E+03	 4.37464E+04
 3.64165E+03	 4.37519E+04
 3.64498E+03	 4.37715E+04
 3.64831E+03	 4.38116E+04
 3.65163E+03	 4.38288E+04
 3.65495E+03	 4.38625E+04
 3.65827E+03	 4.38598E+04
 3.66159E+03	 4.39017E+04
 3.66491E+03	 4.39013E+04
 3.66823E+03	 4.39358E+04
 3.67154E+03	 4.39480E+04
 3.67485E+03	 4.39841E+04
 3.67817E+03	 4.40153E+04
 3.68148E+03	 4.40041E+04
 3.68478E+03	 4.40636E+04
 3.68809E+03	 4.40693E+04
 3.69140E+03	 4.41058E+04
 3.69470E+03	 4.41149E+04
 3.69800E+03	 4.41342E+04
 3.70130E+03	 4.41289E+04
 3.70460E+03	 4.41399E+04
 3.70790E+03	 4.41781E+04
 3.71120E+03	 4.41903E+04
 3.71449E+03	 4.42091E+04
 3.71778E+03	 4.42270E+04
 3.72108E+03	 4.42466E+04
 3.72437E+03	 4.42680E+04
 3.72765E+03	 4.43081E+04
 3.73094E+03	 4.42899E+04
 3.73423E+03	 4.43145E+04
 3.73751E+03	 4.43451E+04
 3.74079E+03	 4.43459E+04
 3.74407E+03	 4.44025E+04
 3.74735E+03	 4.44312E+04
 3.75063E+03	 4.44638E+04
 3.75391E+03	 4.44707E+04
 3.75718E+03	 4.44876E+04
 3.76045E+03	 4.44971E+04
 3.76373E+03	 4.45452E+04
 3.76700E+03	 4.45159E+04
 3.77026E+03	 4.45269E+04
 3.77353E+03	 4.45304E+04
 3.77680E+03	 4.45548E+04
 3.78006E+03	 4.45852E+04
 3.78332E+03	 4.46159E+04
 3.78658E+03	 4.46289E+04
 3.78984E+03	 4.46338E+04
 3.79310E+03	 4.46203E+04
 3.79636E+03	 4.46683E+04
 3.79961E+03	 4.46456E+04
 3.80287E+03	 4.46966E+04
 3.80612E+03	 4.46975E+04
 3.80937E+03	 4.46954E+04
 3.81262E+03	 4.47118E+04
 3.81586E+03	 4.47413E+04
 3.81911E+03	 4.47468E+04
 3.82235E+03	 4.47651E+04
 3.82560E+03	 4.47638E+04
 3.82884E+03	 4.48437E+04
 3.83208E+03	 4.48383E+04
 3.83532E+03	 4.48456E+04
 3.83855E+03	 4.48564E+04
 3.84179E+03	 4.48679E+04
 3.84502E+03	 4.48711E+04
 3.84825E+03	 4.48721E+04
 3.85148E+03	 4.48776E+04
 3.85471E+03	 4.48781E+04
 3.85794E+03	 4.48954E+04
 3.86117E+03	 4.49203E+04
 3.86439E+03	 4.49041E+04
 3.86762E+03	 4.49289E+04
 3.87084E+03	 4.49523E+04
 3.87406E+03	 4.49281E+04
 3.87728E+03	 4.49300E+04
 3.88049E+03	 4.49646E+04
 3.88371E+03	 4.49674E+04
 3.88692E+03	 4.49973E+04
 3.89014E+03	 4.50320E+04
 3.89335E+03	 4.50178E+04
 3.89656E+03	 4.50535E+04
 3.89977E+03	 4.50402E+04
 3.90297E+03	 4.50482E+04
 3.90618E+03	 4.51007E+04
 3.90938E+03	 4.50734E+04
 3.91258E+03	 4.50874E+04
 3.91579E+03	 4.50889E+04
 3.91898E+03	 4.50911E+04
 3.92218E+03	 4.50989E+04
 3.92538E+03	 4.51173E+04
 3.92857E+03	 4.51572E+04
 3.93177E+03	 4.51416E+04
 3.93496E+03	 4.51583E+04
 3.93815E+03	 4.51888E+04
 3.94134E+03	 4.52004E+04
 3.94453E+03	 4.52239E+04
 3.94771E+03	 4.51919E+04
 3.95090E+03	 4.51744E+04
 3.95408E+03	 4.51921E+04
 3.95726E+03	 4.51776E+04
 3.96044E+03	 4.51751E+04
 3.96362E+03	 4.51821E+04
 3.96680E+03	 4.51949E+04
 3.96997E+03	 4.51771E+04
 3.97315E+03	 4.52221E+04
 3.97632E+03	 4.52046E+04
 3.97949E+03	 4.51961E+04
 3.98266E+03	 4.52003E+04
 3.98583E+03	 4.52093E+04
 3.98900E+03	 4.52089E+04
 3.99216E+03	 4.52191E+04
 3.99533E+03	 4.51805E+04
 3.99849E+03	 4.52208E+04
 4.00165E+03	 4.52285E+04
 4.00481E+03	 4.52355E+04
 4.00797E+03	 4.52201E+04
 4.01113E+03	 4.51819E+04
 4.01428E+03	 4.52599E+04
 4.01744E+03	 4.52181E+04
 4.02059E+03	 4.52853E+04
 4.02374E+03	 4.52511E+04
 4.02689E+03	 4.52846E+04
 4.03004E+03	 4.52713E+04
 4.03318E+03	 4.52666E+04
 4.03633E+03	 4.52316E+04
 4.03947E+03	 4.52476E+04
 4.04262E+03	 4.52064E+04
 4.04576E+03	 4.52020E+04
 4.04890E+03	 4.52208E+04
 4.05203E+03	 4.52042E+04
 4.05517E+03	 4.51957E+04
 4.05831E+03	 4.51938E+04
 4.06144E+03	 4.47008E+04
